Dataset,Fold,SeedsPerLabel,SeedFoldSelection,ScaleFactor,Model,Method,GenParamSetIndex,GenParams,Accuracy,F1_Score,Hyperparameters,ExecutionTime_Sec
Coffee,4,5,1,1,KNN,Baseline,N/A,N/A,0.6233333333333333,0.5628114155471333,"{'algorithm': 'auto', 'leaf_size': 30, 'metric': 'minkowski', 'metric_params': None, 'n_jobs': None, 'n_neighbors': 5, 'p': 2, 'weights': 'uniform'}",0.059480905532836914
Coffee,4,5,1,1,KNN,Tuned_Baseline,N/A,N/A,0.6233333333333333,0.563649217983168,"{'algorithm': 'auto', 'leaf_size': 30, 'metric': 'minkowski', 'metric_params': None, 'n_jobs': None, 'n_neighbors': np.int64(5), 'p': 3, 'weights': 'distance'}",0.02044510841369629
Coffee,4,5,1,1,RandomForest,Baseline,N/A,N/A,0.6566666666666666,0.6305402517842755,"{'bootstrap': True, 'ccp_alpha': 0.0, 'class_weight': None, 'criterion': 'gini', 'max_depth': None, 'max_features': 'sqrt', 'max_leaf_nodes': None, 'max_samples': None, 'min_impurity_decrease': 0.0, 'min_samples_leaf': 1, 'min_samples_split': 2, 'min_weight_fraction_leaf': 0.0, 'monotonic_cst': None, 'n_estimators': 100, 'n_jobs': None, 'oob_score': False, 'random_state': 42, 'verbose': 0, 'warm_start': False}",0.2913944721221924
Coffee,4,5,1,1,RandomForest,Tuned_Baseline,N/A,N/A,0.6533333333333333,0.6257285710409328,"{'bootstrap': True, 'ccp_alpha': 0.0, 'class_weight': None, 'criterion': 'gini', 'max_depth': 20, 'max_features': 'sqrt', 'max_leaf_nodes': None, 'max_samples': None, 'min_impurity_decrease': 0.0, 'min_samples_leaf': 1, 'min_samples_split': 5, 'min_weight_fraction_leaf': 0.0, 'monotonic_cst': None, 'n_estimators': 150, 'n_jobs': None, 'oob_score': False, 'random_state': 42, 'verbose': 0, 'warm_start': False}",0.009010076522827148
Coffee,4,5,1,1,LinearSVC,Baseline,N/A,N/A,0.58,0.5054458408429798,"{'C': 1.0, 'class_weight': None, 'dual': False, 'fit_intercept': True, 'intercept_scaling': 1, 'loss': 'squared_hinge', 'max_iter': 100, 'multi_class': 'ovr', 'penalty': 'l2', 'random_state': 42, 'tol': 0.0001, 'verbose': 0}",0.012109518051147461
Coffee,4,5,1,1,LinearSVC,Tuned_Baseline,N/A,N/A,0.5183333333333333,0.3955643879424114,"{'C': np.float64(33.59818286283781), 'class_weight': 'balanced', 'dual': False, 'fit_intercept': True, 'intercept_scaling': 1, 'loss': 'squared_hinge', 'max_iter': 100, 'multi_class': 'ovr', 'penalty': 'l1', 'random_state': 42, 'tol': 0.001, 'verbose': 0}",0.0003154277801513672
Coffee,4,5,1,1,LogisticRegression,Baseline,N/A,N/A,0.525,0.4068948346376888,"{'C': 1.0, 'class_weight': None, 'dual': False, 'fit_intercept': True, 'intercept_scaling': 1, 'l1_ratio': None, 'max_iter': 100, 'multi_class': 'deprecated', 'n_jobs': None, 'penalty': 'l2', 'random_state': 42, 'solver': 'lbfgs', 'tol': 0.0001, 'verbose': 0, 'warm_start': False}",0.2515394687652588
Coffee,4,5,1,1,LogisticRegression,Tuned_Baseline,N/A,N/A,0.5866666666666667,0.5214685170054655,"{'C': np.float64(14.38449888287663), 'class_weight': 'balanced', 'dual': False, 'fit_intercept': False, 'intercept_scaling': 1, 'l1_ratio': None, 'max_iter': 100, 'multi_class': 'deprecated', 'n_jobs': None, 'penalty': 'l2', 'random_state': 42, 'solver': 'sag', 'tol': 0.0001, 'verbose': 0, 'warm_start': False}",0.0005412101745605469
Coffee,4,5,1,1,RNN,Tuned_Baseline,N/A,N/A,0.16666666666666666,0.047619047619047616,"{'hidden_size': 64, 'epochs': 10, 'batch_size': 32, 'lr': 0.001}",3.24249267578125e-05
Coffee,4,5,1,2,KNN,HMM_GMM,1,"{'n_components': 2, 'n_mix': 1, 'covariance_type': 'diag'}",0.625,0.5667307181646547,"{'algorithm': 'auto', 'leaf_size': 30, 'metric': 'chebyshev', 'metric_params': None, 'n_jobs': None, 'n_neighbors': np.int64(5), 'p': 2, 'weights': 'uniform'}",0.031558990478515625
Coffee,4,5,1,2,RandomForest,HMM_GMM,1,"{'n_components': 2, 'n_mix': 1, 'covariance_type': 'diag'}",0.6616666666666666,0.6287352661652447,"{'bootstrap': True, 'ccp_alpha': 0.0, 'class_weight': 'balanced', 'criterion': 'gini', 'max_depth': 30, 'max_features': 'sqrt', 'max_leaf_nodes': None, 'max_samples': None, 'min_impurity_decrease': 0.0, 'min_samples_leaf': 1, 'min_samples_split': 2, 'min_weight_fraction_leaf': 0.0, 'monotonic_cst': None, 'n_estimators': 150, 'n_jobs': None, 'oob_score': False, 'random_state': 42, 'verbose': 0, 'warm_start': False}",0.7000954151153564
Coffee,4,5,1,2,LinearSVC,HMM_GMM,1,"{'n_components': 2, 'n_mix': 1, 'covariance_type': 'diag'}",0.5266666666666666,0.43933340680170335,"{'C': np.float64(0.2069138081114788), 'class_weight': 'balanced', 'dual': False, 'fit_intercept': False, 'intercept_scaling': 1, 'loss': 'squared_hinge', 'max_iter': 100, 'multi_class': 'ovr', 'penalty': 'l2', 'random_state': 42, 'tol': 0.0001, 'verbose': 0}",0.017897605895996094
Coffee,4,5,1,2,LogisticRegression,HMM_GMM,1,"{'n_components': 2, 'n_mix': 1, 'covariance_type': 'diag'}",0.525,0.43616438302735294,"{'C': np.float64(0.2069138081114788), 'class_weight': None, 'dual': False, 'fit_intercept': False, 'intercept_scaling': 1, 'l1_ratio': None, 'max_iter': 100, 'multi_class': 'deprecated', 'n_jobs': None, 'penalty': 'l2', 'random_state': 42, 'solver': 'sag', 'tol': 0.0001, 'verbose': 0, 'warm_start': False}",0.023343563079833984
Coffee,4,5,1,2,KNN,HMM_GMM,2,"{'n_components': 2, 'n_mix': 4, 'covariance_type': 'tied'}",0.63,0.573229923723489,"{'algorithm': 'auto', 'leaf_size': 30, 'metric': 'chebyshev', 'metric_params': None, 'n_jobs': None, 'n_neighbors': np.int64(5), 'p': 2, 'weights': 'uniform'}",0.025483131408691406
Coffee,4,5,1,2,RandomForest,HMM_GMM,2,"{'n_components': 2, 'n_mix': 4, 'covariance_type': 'tied'}",0.6466666666666666,0.6003083972156137,"{'bootstrap': True, 'ccp_alpha': 0.0, 'class_weight': 'balanced', 'criterion': 'gini', 'max_depth': 30, 'max_features': 'sqrt', 'max_leaf_nodes': None, 'max_samples': None, 'min_impurity_decrease': 0.0, 'min_samples_leaf': 1, 'min_samples_split': 2, 'min_weight_fraction_leaf': 0.0, 'monotonic_cst': None, 'n_estimators': 150, 'n_jobs': None, 'oob_score': False, 'random_state': 42, 'verbose': 0, 'warm_start': False}",0.7907662391662598
Coffee,4,5,1,2,LinearSVC,HMM_GMM,2,"{'n_components': 2, 'n_mix': 4, 'covariance_type': 'tied'}",0.5983333333333334,0.5381630760170781,"{'C': np.float64(183.29807108324337), 'class_weight': None, 'dual': False, 'fit_intercept': True, 'intercept_scaling': 1, 'loss': 'squared_hinge', 'max_iter': 100, 'multi_class': 'ovr', 'penalty': 'l1', 'random_state': 42, 'tol': 0.001, 'verbose': 0}",0.024430513381958008
Coffee,4,5,1,2,LogisticRegression,HMM_GMM,2,"{'n_components': 2, 'n_mix': 4, 'covariance_type': 'tied'}",0.5833333333333334,0.5177082368797391,"{'C': np.float64(33.59818286283781), 'class_weight': 'balanced', 'dual': False, 'fit_intercept': True, 'intercept_scaling': 1, 'l1_ratio': None, 'max_iter': 100, 'multi_class': 'deprecated', 'n_jobs': None, 'penalty': 'l1', 'random_state': 42, 'solver': 'saga', 'tol': 0.0001, 'verbose': 0, 'warm_start': False}",0.10855531692504883
Coffee,4,5,1,2,KNN,HMM_GMM,3,"{'n_components': 1, 'n_mix': 3, 'covariance_type': 'diag'}",0.6366666666666667,0.5830467091893244,"{'algorithm': 'auto', 'leaf_size': 30, 'metric': 'chebyshev', 'metric_params': None, 'n_jobs': None, 'n_neighbors': np.int64(5), 'p': 2, 'weights': 'uniform'}",0.027393102645874023
Coffee,4,5,1,2,RandomForest,HMM_GMM,3,"{'n_components': 1, 'n_mix': 3, 'covariance_type': 'diag'}",0.6466666666666666,0.5999352550997651,"{'bootstrap': True, 'ccp_alpha': 0.0, 'class_weight': 'balanced', 'criterion': 'gini', 'max_depth': 30, 'max_features': 'sqrt', 'max_leaf_nodes': None, 'max_samples': None, 'min_impurity_decrease': 0.0, 'min_samples_leaf': 1, 'min_samples_split': 2, 'min_weight_fraction_leaf': 0.0, 'monotonic_cst': None, 'n_estimators': 150, 'n_jobs': None, 'oob_score': False, 'random_state': 42, 'verbose': 0, 'warm_start': False}",0.5439939498901367
Coffee,4,5,1,2,LinearSVC,HMM_GMM,3,"{'n_components': 1, 'n_mix': 3, 'covariance_type': 'diag'}",0.53,0.44443424068112164,"{'C': np.float64(0.0069519279617756054), 'class_weight': 'balanced', 'dual': False, 'fit_intercept': False, 'intercept_scaling': 1, 'loss': 'squared_hinge', 'max_iter': 100, 'multi_class': 'ovr', 'penalty': 'l2', 'random_state': 42, 'tol': 0.0001, 'verbose': 0}",0.006497621536254883
Coffee,4,5,1,2,LogisticRegression,HMM_GMM,3,"{'n_components': 1, 'n_mix': 3, 'covariance_type': 'diag'}",0.53,0.44098760167734297,"{'C': np.float64(0.2069138081114788), 'class_weight': 'balanced', 'dual': False, 'fit_intercept': False, 'intercept_scaling': 1, 'l1_ratio': None, 'max_iter': 100, 'multi_class': 'deprecated', 'n_jobs': None, 'penalty': 'l2', 'random_state': 42, 'solver': 'lbfgs', 'tol': 0.0001, 'verbose': 0, 'warm_start': False}",0.07799053192138672
Coffee,4,5,1,2,KNN,HMM_GMM,4,"{'n_components': 4, 'n_mix': 3, 'covariance_type': 'diag'}",0.6183333333333333,0.5543300425222975,"{'algorithm': 'auto', 'leaf_size': 30, 'metric': 'euclidean', 'metric_params': None, 'n_jobs': None, 'n_neighbors': np.int64(9), 'p': 2, 'weights': 'distance'}",0.009256124496459961
Coffee,4,5,1,2,RandomForest,HMM_GMM,4,"{'n_components': 4, 'n_mix': 3, 'covariance_type': 'diag'}",0.6433333333333333,0.5978207558109694,"{'bootstrap': True, 'ccp_alpha': 0.0, 'class_weight': None, 'criterion': 'gini', 'max_depth': 30, 'max_features': 'sqrt', 'max_leaf_nodes': None, 'max_samples': None, 'min_impurity_decrease': 0.0, 'min_samples_leaf': 4, 'min_samples_split': 2, 'min_weight_fraction_leaf': 0.0, 'monotonic_cst': None, 'n_estimators': 50, 'n_jobs': None, 'oob_score': False, 'random_state': 42, 'verbose': 0, 'warm_start': False}",0.19340014457702637
Coffee,4,5,1,2,LinearSVC,HMM_GMM,4,"{'n_components': 4, 'n_mix': 3, 'covariance_type': 'diag'}",0.6183333333333333,0.5617889804298177,"{'C': np.float64(1000.0), 'class_weight': 'balanced', 'dual': False, 'fit_intercept': True, 'intercept_scaling': 1, 'loss': 'squared_hinge', 'max_iter': 100, 'multi_class': 'ovr', 'penalty': 'l2', 'random_state': 42, 'tol': 0.001, 'verbose': 0}",0.00940251350402832
Coffee,4,5,1,2,LogisticRegression,HMM_GMM,4,"{'n_components': 4, 'n_mix': 3, 'covariance_type': 'diag'}",0.6516666666666666,0.6105243647367546,"{'C': np.float64(183.29807108324337), 'class_weight': None, 'dual': False, 'fit_intercept': True, 'intercept_scaling': 1, 'l1_ratio': None, 'max_iter': 100, 'multi_class': 'deprecated', 'n_jobs': None, 'penalty': 'l2', 'random_state': 42, 'solver': 'saga', 'tol': 0.0001, 'verbose': 0, 'warm_start': False}",0.07401657104492188
Coffee,4,5,1,2,KNN,HMM_GMM,5,"{'n_components': 1, 'n_mix': 1, 'covariance_type': 'tied'}",0.615,0.5502315422000083,"{'algorithm': 'auto', 'leaf_size': 30, 'metric': 'chebyshev', 'metric_params': None, 'n_jobs': None, 'n_neighbors': np.int64(5), 'p': 2, 'weights': 'uniform'}",0.07243967056274414
Coffee,4,5,1,2,RandomForest,HMM_GMM,5,"{'n_components': 1, 'n_mix': 1, 'covariance_type': 'tied'}",0.645,0.6239278912059784,"{'bootstrap': True, 'ccp_alpha': 0.0, 'class_weight': 'balanced', 'criterion': 'gini', 'max_depth': 30, 'max_features': 'sqrt', 'max_leaf_nodes': None, 'max_samples': None, 'min_impurity_decrease': 0.0, 'min_samples_leaf': 1, 'min_samples_split': 2, 'min_weight_fraction_leaf': 0.0, 'monotonic_cst': None, 'n_estimators': 150, 'n_jobs': None, 'oob_score': False, 'random_state': 42, 'verbose': 0, 'warm_start': False}",0.6500639915466309
Coffee,4,5,1,2,LinearSVC,HMM_GMM,5,"{'n_components': 1, 'n_mix': 1, 'covariance_type': 'tied'}",0.67,0.6354693128548848,"{'C': np.float64(183.29807108324337), 'class_weight': None, 'dual': False, 'fit_intercept': True, 'intercept_scaling': 1, 'loss': 'squared_hinge', 'max_iter': 100, 'multi_class': 'ovr', 'penalty': 'l1', 'random_state': 42, 'tol': 0.001, 'verbose': 0}",0.0293576717376709
Coffee,4,5,1,2,LogisticRegression,HMM_GMM,5,"{'n_components': 1, 'n_mix': 1, 'covariance_type': 'tied'}",0.745,0.7302150707992254,"{'C': np.float64(33.59818286283781), 'class_weight': 'balanced', 'dual': False, 'fit_intercept': True, 'intercept_scaling': 1, 'l1_ratio': None, 'max_iter': 100, 'multi_class': 'deprecated', 'n_jobs': None, 'penalty': 'l2', 'random_state': 42, 'solver': 'saga', 'tol': 0.0001, 'verbose': 0, 'warm_start': False}",0.09830927848815918
Coffee,4,5,1,2,KNN,HMM_GMM,6,"{'n_components': 4, 'n_mix': 3, 'covariance_type': 'diag'}",0.6183333333333333,0.5543300425222975,"{'algorithm': 'auto', 'leaf_size': 30, 'metric': 'euclidean', 'metric_params': None, 'n_jobs': None, 'n_neighbors': np.int64(9), 'p': 2, 'weights': 'distance'}",0.00843358039855957
Coffee,4,5,1,2,RandomForest,HMM_GMM,6,"{'n_components': 4, 'n_mix': 3, 'covariance_type': 'diag'}",0.645,0.5977782062589193,"{'bootstrap': True, 'ccp_alpha': 0.0, 'class_weight': None, 'criterion': 'gini', 'max_depth': 30, 'max_features': 'sqrt', 'max_leaf_nodes': None, 'max_samples': None, 'min_impurity_decrease': 0.0, 'min_samples_leaf': 4, 'min_samples_split': 2, 'min_weight_fraction_leaf': 0.0, 'monotonic_cst': None, 'n_estimators': 50, 'n_jobs': None, 'oob_score': False, 'random_state': 42, 'verbose': 0, 'warm_start': False}",0.19563055038452148
Coffee,4,5,1,2,LinearSVC,HMM_GMM,6,"{'n_components': 4, 'n_mix': 3, 'covariance_type': 'diag'}",0.6183333333333333,0.5617889804298177,"{'C': np.float64(1000.0), 'class_weight': 'balanced', 'dual': False, 'fit_intercept': True, 'intercept_scaling': 1, 'loss': 'squared_hinge', 'max_iter': 100, 'multi_class': 'ovr', 'penalty': 'l2', 'random_state': 42, 'tol': 0.001, 'verbose': 0}",0.009826898574829102
Coffee,4,5,1,2,LogisticRegression,HMM_GMM,6,"{'n_components': 4, 'n_mix': 3, 'covariance_type': 'diag'}",0.6516666666666666,0.6105243647367546,"{'C': np.float64(183.29807108324337), 'class_weight': None, 'dual': False, 'fit_intercept': True, 'intercept_scaling': 1, 'l1_ratio': None, 'max_iter': 100, 'multi_class': 'deprecated', 'n_jobs': None, 'penalty': 'l2', 'random_state': 42, 'solver': 'saga', 'tol': 0.0001, 'verbose': 0, 'warm_start': False}",0.07479405403137207
Coffee,4,5,1,2,KNN,HMM_GMM,7,"{'n_components': 2, 'n_mix': 5, 'covariance_type': 'diag'}",0.6033333333333334,0.5340946500952617,"{'algorithm': 'auto', 'leaf_size': 30, 'metric': 'chebyshev', 'metric_params': None, 'n_jobs': None, 'n_neighbors': np.int64(5), 'p': 2, 'weights': 'uniform'}",0.025380611419677734
Coffee,4,5,1,2,RandomForest,HMM_GMM,7,"{'n_components': 2, 'n_mix': 5, 'covariance_type': 'diag'}",0.6466666666666666,0.6151814513151872,"{'bootstrap': True, 'ccp_alpha': 0.0, 'class_weight': 'balanced', 'criterion': 'gini', 'max_depth': None, 'max_features': 'sqrt', 'max_leaf_nodes': None, 'max_samples': None, 'min_impurity_decrease': 0.0, 'min_samples_leaf': 1, 'min_samples_split': 2, 'min_weight_fraction_leaf': 0.0, 'monotonic_cst': None, 'n_estimators': 50, 'n_jobs': None, 'oob_score': False, 'random_state': 42, 'verbose': 0, 'warm_start': False}",0.16775226593017578
Coffee,4,5,1,2,LinearSVC,HMM_GMM,7,"{'n_components': 2, 'n_mix': 5, 'covariance_type': 'diag'}",0.6466666666666666,0.6158701967574578,"{'C': np.float64(0.2069138081114788), 'class_weight': 'balanced', 'dual': False, 'fit_intercept': False, 'intercept_scaling': 1, 'loss': 'squared_hinge', 'max_iter': 100, 'multi_class': 'ovr', 'penalty': 'l2', 'random_state': 42, 'tol': 0.0001, 'verbose': 0}",0.01130986213684082
Coffee,4,5,1,2,LogisticRegression,HMM_GMM,7,"{'n_components': 2, 'n_mix': 5, 'covariance_type': 'diag'}",0.5516666666666666,0.4783583679995229,"{'C': np.float64(0.2069138081114788), 'class_weight': None, 'dual': False, 'fit_intercept': False, 'intercept_scaling': 1, 'l1_ratio': None, 'max_iter': 100, 'multi_class': 'deprecated', 'n_jobs': None, 'penalty': 'l2', 'random_state': 42, 'solver': 'sag', 'tol': 0.0001, 'verbose': 0, 'warm_start': False}",0.017841815948486328
Coffee,4,5,1,2,KNN,HMM_GMM,8,"{'n_components': 1, 'n_mix': 3, 'covariance_type': 'full'}",0.6266666666666667,0.5716749846773488,"{'algorithm': 'auto', 'leaf_size': 30, 'metric': 'euclidean', 'metric_params': None, 'n_jobs': None, 'n_neighbors': np.int64(9), 'p': 2, 'weights': 'distance'}",0.010327339172363281
Coffee,4,5,1,2,RandomForest,HMM_GMM,8,"{'n_components': 1, 'n_mix': 3, 'covariance_type': 'full'}",0.6516666666666666,0.6203687533840205,"{'bootstrap': True, 'ccp_alpha': 0.0, 'class_weight': 'balanced', 'criterion': 'gini', 'max_depth': 20, 'max_features': 'sqrt', 'max_leaf_nodes': None, 'max_samples': None, 'min_impurity_decrease': 0.0, 'min_samples_leaf': 2, 'min_samples_split': 5, 'min_weight_fraction_leaf': 0.0, 'monotonic_cst': None, 'n_estimators': 50, 'n_jobs': None, 'oob_score': False, 'random_state': 42, 'verbose': 0, 'warm_start': False}",0.21070075035095215
Coffee,4,5,1,2,LinearSVC,HMM_GMM,8,"{'n_components': 1, 'n_mix': 3, 'covariance_type': 'full'}",0.655,0.6152996736323906,"{'C': np.float64(33.59818286283781), 'class_weight': 'balanced', 'dual': False, 'fit_intercept': True, 'intercept_scaling': 1, 'loss': 'squared_hinge', 'max_iter': 100, 'multi_class': 'ovr', 'penalty': 'l1', 'random_state': 42, 'tol': 0.0001, 'verbose': 0}",0.040508270263671875
Coffee,4,5,1,2,LogisticRegression,HMM_GMM,8,"{'n_components': 1, 'n_mix': 3, 'covariance_type': 'full'}",0.7033333333333334,0.6865955914536865,"{'C': np.float64(1000.0), 'class_weight': 'balanced', 'dual': False, 'fit_intercept': True, 'intercept_scaling': 1, 'l1_ratio': None, 'max_iter': 100, 'multi_class': 'deprecated', 'n_jobs': None, 'penalty': 'l2', 'random_state': 42, 'solver': 'sag', 'tol': 0.0001, 'verbose': 0, 'warm_start': False}",0.07440757751464844
Coffee,4,5,1,2,KNN,HMM_GMM,9,"{'n_components': 5, 'n_mix': 1, 'covariance_type': 'diag'}",0.6216666666666667,0.5617766001294707,"{'algorithm': 'auto', 'leaf_size': 30, 'metric': 'euclidean', 'metric_params': None, 'n_jobs': None, 'n_neighbors': np.int64(9), 'p': 2, 'weights': 'distance'}",0.010858297348022461
Coffee,4,5,1,2,RandomForest,HMM_GMM,9,"{'n_components': 5, 'n_mix': 1, 'covariance_type': 'diag'}",0.6466666666666666,0.601106560079926,"{'bootstrap': True, 'ccp_alpha': 0.0, 'class_weight': 'balanced', 'criterion': 'gini', 'max_depth': None, 'max_features': 'sqrt', 'max_leaf_nodes': None, 'max_samples': None, 'min_impurity_decrease': 0.0, 'min_samples_leaf': 2, 'min_samples_split': 2, 'min_weight_fraction_leaf': 0.0, 'monotonic_cst': None, 'n_estimators': 150, 'n_jobs': None, 'oob_score': False, 'random_state': 42, 'verbose': 0, 'warm_start': False}",0.5377683639526367
Coffee,4,5,1,2,LinearSVC,HMM_GMM,9,"{'n_components': 5, 'n_mix': 1, 'covariance_type': 'diag'}",0.6183333333333333,0.6116594559176225,"{'C': np.float64(0.2069138081114788), 'class_weight': None, 'dual': False, 'fit_intercept': False, 'intercept_scaling': 1, 'loss': 'squared_hinge', 'max_iter': 100, 'multi_class': 'ovr', 'penalty': 'l2', 'random_state': 42, 'tol': 0.001, 'verbose': 0}",0.00579380989074707
Coffee,4,5,1,2,LogisticRegression,HMM_GMM,9,"{'n_components': 5, 'n_mix': 1, 'covariance_type': 'diag'}",0.5666666666666667,0.4907203396951314,"{'C': np.float64(33.59818286283781), 'class_weight': None, 'dual': False, 'fit_intercept': True, 'intercept_scaling': 1, 'l1_ratio': None, 'max_iter': 100, 'multi_class': 'deprecated', 'n_jobs': None, 'penalty': 'l2', 'random_state': 42, 'solver': 'saga', 'tol': 0.0001, 'verbose': 0, 'warm_start': False}",0.021947145462036133
Coffee,4,5,1,2,KNN,HMM_GMM,10,"{'n_components': 3, 'n_mix': 5, 'covariance_type': 'diag'}",0.6133333333333333,0.5501086011623071,"{'algorithm': 'auto', 'leaf_size': 30, 'metric': 'euclidean', 'metric_params': None, 'n_jobs': None, 'n_neighbors': np.int64(9), 'p': 2, 'weights': 'distance'}",0.00958704948425293
Coffee,4,5,1,2,RandomForest,HMM_GMM,10,"{'n_components': 3, 'n_mix': 5, 'covariance_type': 'diag'}",0.705,0.6923296505363375,"{'bootstrap': True, 'ccp_alpha': 0.0, 'class_weight': 'balanced', 'criterion': 'gini', 'max_depth': 10, 'max_features': 'sqrt', 'max_leaf_nodes': None, 'max_samples': None, 'min_impurity_decrease': 0.0, 'min_samples_leaf': 1, 'min_samples_split': 5, 'min_weight_fraction_leaf': 0.0, 'monotonic_cst': None, 'n_estimators': 50, 'n_jobs': None, 'oob_score': False, 'random_state': 42, 'verbose': 0, 'warm_start': False}",0.17626595497131348
Coffee,4,5,1,2,LinearSVC,HMM_GMM,10,"{'n_components': 3, 'n_mix': 5, 'covariance_type': 'diag'}",0.6766666666666666,0.6501997981433884,"{'C': np.float64(0.0379269019073225), 'class_weight': 'balanced', 'dual': False, 'fit_intercept': False, 'intercept_scaling': 1, 'loss': 'squared_hinge', 'max_iter': 100, 'multi_class': 'ovr', 'penalty': 'l2', 'random_state': 42, 'tol': 0.001, 'verbose': 0}",0.007266044616699219
Coffee,4,5,1,2,LogisticRegression,HMM_GMM,10,"{'n_components': 3, 'n_mix': 5, 'covariance_type': 'diag'}",0.5683333333333334,0.49241511474204924,"{'C': np.float64(0.2069138081114788), 'class_weight': 'balanced', 'dual': False, 'fit_intercept': False, 'intercept_scaling': 1, 'l1_ratio': None, 'max_iter': 100, 'multi_class': 'deprecated', 'n_jobs': None, 'penalty': 'l2', 'random_state': 42, 'solver': 'lbfgs', 'tol': 0.0001, 'verbose': 0, 'warm_start': False}",0.26496338844299316
Coffee,4,5,1,3,KNN,HMM_GMM,1,"{'n_components': 2, 'n_mix': 1, 'covariance_type': 'diag'}",0.6216666666666667,0.5612895247006554,"{'algorithm': 'auto', 'leaf_size': 30, 'metric': 'euclidean', 'metric_params': None, 'n_jobs': None, 'n_neighbors': np.int64(9), 'p': 2, 'weights': 'distance'}",0.013814449310302734
Coffee,4,5,1,3,RandomForest,HMM_GMM,1,"{'n_components': 2, 'n_mix': 1, 'covariance_type': 'diag'}",0.6483333333333333,0.6084063061590366,"{'bootstrap': True, 'ccp_alpha': 0.0, 'class_weight': 'balanced', 'criterion': 'gini', 'max_depth': None, 'max_features': 'sqrt', 'max_leaf_nodes': None, 'max_samples': None, 'min_impurity_decrease': 0.0, 'min_samples_leaf': 2, 'min_samples_split': 2, 'min_weight_fraction_leaf': 0.0, 'monotonic_cst': None, 'n_estimators': 150, 'n_jobs': None, 'oob_score': False, 'random_state': 42, 'verbose': 0, 'warm_start': False}",0.7365419864654541
Coffee,4,5,1,3,LinearSVC,HMM_GMM,1,"{'n_components': 2, 'n_mix': 1, 'covariance_type': 'diag'}",0.5116666666666667,0.41195600787577474,"{'C': np.float64(0.2069138081114788), 'class_weight': 'balanced', 'dual': False, 'fit_intercept': False, 'intercept_scaling': 1, 'loss': 'squared_hinge', 'max_iter': 100, 'multi_class': 'ovr', 'penalty': 'l2', 'random_state': 42, 'tol': 0.0001, 'verbose': 0}",0.00941610336303711
Coffee,4,5,1,3,LogisticRegression,HMM_GMM,1,"{'n_components': 2, 'n_mix': 1, 'covariance_type': 'diag'}",0.5916666666666667,0.536511681339084,"{'C': np.float64(1000.0), 'class_weight': 'balanced', 'dual': False, 'fit_intercept': True, 'intercept_scaling': 1, 'l1_ratio': None, 'max_iter': 100, 'multi_class': 'deprecated', 'n_jobs': None, 'penalty': 'l2', 'random_state': 42, 'solver': 'sag', 'tol': 0.0001, 'verbose': 0, 'warm_start': False}",0.030372142791748047
Coffee,4,5,1,3,KNN,HMM_GMM,2,"{'n_components': 2, 'n_mix': 4, 'covariance_type': 'tied'}",0.6316666666666667,0.5757839167714157,"{'algorithm': 'auto', 'leaf_size': 30, 'metric': 'chebyshev', 'metric_params': None, 'n_jobs': None, 'n_neighbors': np.int64(5), 'p': 2, 'weights': 'uniform'}",0.0254824161529541
Coffee,4,5,1,3,RandomForest,HMM_GMM,2,"{'n_components': 2, 'n_mix': 4, 'covariance_type': 'tied'}",0.6466666666666666,0.5997551982779642,"{'bootstrap': True, 'ccp_alpha': 0.0, 'class_weight': None, 'criterion': 'gini', 'max_depth': 20, 'max_features': 'sqrt', 'max_leaf_nodes': None, 'max_samples': None, 'min_impurity_decrease': 0.0, 'min_samples_leaf': 1, 'min_samples_split': 2, 'min_weight_fraction_leaf': 0.0, 'monotonic_cst': None, 'n_estimators': 100, 'n_jobs': None, 'oob_score': False, 'random_state': 42, 'verbose': 0, 'warm_start': False}",0.36722707748413086
Coffee,4,5,1,3,LinearSVC,HMM_GMM,2,"{'n_components': 2, 'n_mix': 4, 'covariance_type': 'tied'}",0.5716666666666667,0.5387830392506885,"{'C': np.float64(0.2069138081114788), 'class_weight': None, 'dual': False, 'fit_intercept': False, 'intercept_scaling': 1, 'loss': 'squared_hinge', 'max_iter': 100, 'multi_class': 'ovr', 'penalty': 'l2', 'random_state': 42, 'tol': 0.001, 'verbose': 0}",0.010724306106567383
Coffee,4,5,1,3,LogisticRegression,HMM_GMM,2,"{'n_components': 2, 'n_mix': 4, 'covariance_type': 'tied'}",0.5333333333333333,0.43595707847204856,"{'C': np.float64(0.2069138081114788), 'class_weight': None, 'dual': False, 'fit_intercept': False, 'intercept_scaling': 1, 'l1_ratio': None, 'max_iter': 100, 'multi_class': 'deprecated', 'n_jobs': None, 'penalty': 'l2', 'random_state': 42, 'solver': 'sag', 'tol': 0.0001, 'verbose': 0, 'warm_start': False}",0.02113032341003418
Coffee,4,5,1,3,KNN,HMM_GMM,3,"{'n_components': 1, 'n_mix': 3, 'covariance_type': 'diag'}",0.6366666666666667,0.5830467091893244,"{'algorithm': 'auto', 'leaf_size': 30, 'metric': 'chebyshev', 'metric_params': None, 'n_jobs': None, 'n_neighbors': np.int64(5), 'p': 2, 'weights': 'uniform'}",0.028718233108520508
Coffee,4,5,1,3,RandomForest,HMM_GMM,3,"{'n_components': 1, 'n_mix': 3, 'covariance_type': 'diag'}",0.6466666666666666,0.6003083972156137,"{'bootstrap': True, 'ccp_alpha': 0.0, 'class_weight': 'balanced', 'criterion': 'gini', 'max_depth': 30, 'max_features': 'sqrt', 'max_leaf_nodes': None, 'max_samples': None, 'min_impurity_decrease': 0.0, 'min_samples_leaf': 1, 'min_samples_split': 2, 'min_weight_fraction_leaf': 0.0, 'monotonic_cst': None, 'n_estimators': 150, 'n_jobs': None, 'oob_score': False, 'random_state': 42, 'verbose': 0, 'warm_start': False}",0.5875840187072754
Coffee,4,5,1,3,LinearSVC,HMM_GMM,3,"{'n_components': 1, 'n_mix': 3, 'covariance_type': 'diag'}",0.5216666666666666,0.4285814526327725,"{'C': np.float64(0.2069138081114788), 'class_weight': 'balanced', 'dual': False, 'fit_intercept': False, 'intercept_scaling': 1, 'loss': 'squared_hinge', 'max_iter': 100, 'multi_class': 'ovr', 'penalty': 'l2', 'random_state': 42, 'tol': 0.0001, 'verbose': 0}",0.008478403091430664
Coffee,4,5,1,3,LogisticRegression,HMM_GMM,3,"{'n_components': 1, 'n_mix': 3, 'covariance_type': 'diag'}",0.5783333333333334,0.5118074029529237,"{'C': np.float64(2.6366508987303554), 'class_weight': 'balanced', 'dual': False, 'fit_intercept': True, 'intercept_scaling': 1, 'l1_ratio': None, 'max_iter': 100, 'multi_class': 'deprecated', 'n_jobs': None, 'penalty': 'l1', 'random_state': 42, 'solver': 'saga', 'tol': 0.0001, 'verbose': 0, 'warm_start': False}",0.1336534023284912
Coffee,4,5,1,3,KNN,HMM_GMM,4,"{'n_components': 4, 'n_mix': 3, 'covariance_type': 'diag'}",0.6166666666666667,0.552600935711265,"{'algorithm': 'auto', 'leaf_size': 30, 'metric': 'minkowski', 'metric_params': None, 'n_jobs': None, 'n_neighbors': np.int64(13), 'p': 4, 'weights': 'distance'}",0.03162407875061035
Coffee,4,5,1,3,RandomForest,HMM_GMM,4,"{'n_components': 4, 'n_mix': 3, 'covariance_type': 'diag'}",0.6483333333333333,0.6011185886824015,"{'bootstrap': True, 'ccp_alpha': 0.0, 'class_weight': None, 'criterion': 'gini', 'max_depth': 30, 'max_features': 'sqrt', 'max_leaf_nodes': None, 'max_samples': None, 'min_impurity_decrease': 0.0, 'min_samples_leaf': 4, 'min_samples_split': 2, 'min_weight_fraction_leaf': 0.0, 'monotonic_cst': None, 'n_estimators': 50, 'n_jobs': None, 'oob_score': False, 'random_state': 42, 'verbose': 0, 'warm_start': False}",0.22128844261169434
Coffee,4,5,1,3,LinearSVC,HMM_GMM,4,"{'n_components': 4, 'n_mix': 3, 'covariance_type': 'diag'}",0.735,0.7267197183465126,"{'C': np.float64(0.2069138081114788), 'class_weight': 'balanced', 'dual': False, 'fit_intercept': False, 'intercept_scaling': 1, 'loss': 'squared_hinge', 'max_iter': 100, 'multi_class': 'ovr', 'penalty': 'l2', 'random_state': 42, 'tol': 0.0001, 'verbose': 0}",0.011045455932617188
Coffee,4,5,1,3,LogisticRegression,HMM_GMM,4,"{'n_components': 4, 'n_mix': 3, 'covariance_type': 'diag'}",0.5116666666666667,0.4095284774753553,"{'C': np.float64(0.0069519279617756054), 'class_weight': 'balanced', 'dual': False, 'fit_intercept': False, 'intercept_scaling': 1, 'l1_ratio': None, 'max_iter': 100, 'multi_class': 'deprecated', 'n_jobs': None, 'penalty': 'l2', 'random_state': 42, 'solver': 'lbfgs', 'tol': 0.0001, 'verbose': 0, 'warm_start': False}",0.03292679786682129
Coffee,4,5,1,3,KNN,HMM_GMM,5,"{'n_components': 1, 'n_mix': 1, 'covariance_type': 'tied'}",0.63,0.5727713784077572,"{'algorithm': 'auto', 'leaf_size': 30, 'metric': 'euclidean', 'metric_params': None, 'n_jobs': None, 'n_neighbors': np.int64(9), 'p': 2, 'weights': 'distance'}",0.012904167175292969
Coffee,4,5,1,3,RandomForest,HMM_GMM,5,"{'n_components': 1, 'n_mix': 1, 'covariance_type': 'tied'}",0.645,0.6281736535520834,"{'bootstrap': True, 'ccp_alpha': 0.0, 'class_weight': 'balanced', 'criterion': 'gini', 'max_depth': 20, 'max_features': 'sqrt', 'max_leaf_nodes': None, 'max_samples': None, 'min_impurity_decrease': 0.0, 'min_samples_leaf': 2, 'min_samples_split': 5, 'min_weight_fraction_leaf': 0.0, 'monotonic_cst': None, 'n_estimators': 50, 'n_jobs': None, 'oob_score': False, 'random_state': 42, 'verbose': 0, 'warm_start': False}",0.20694875717163086
Coffee,4,5,1,3,LinearSVC,HMM_GMM,5,"{'n_components': 1, 'n_mix': 1, 'covariance_type': 'tied'}",0.7033333333333334,0.6788061823179891,"{'C': np.float64(0.4832930238571752), 'class_weight': 'balanced', 'dual': False, 'fit_intercept': True, 'intercept_scaling': 1, 'loss': 'squared_hinge', 'max_iter': 100, 'multi_class': 'ovr', 'penalty': 'l2', 'random_state': 42, 'tol': 0.0001, 'verbose': 0}",0.01261281967163086
Coffee,4,5,1,3,LogisticRegression,HMM_GMM,5,"{'n_components': 1, 'n_mix': 1, 'covariance_type': 'tied'}",0.7783333333333333,0.768719304974059,"{'C': np.float64(33.59818286283781), 'class_weight': None, 'dual': False, 'fit_intercept': True, 'intercept_scaling': 1, 'l1_ratio': None, 'max_iter': 100, 'multi_class': 'deprecated', 'n_jobs': None, 'penalty': 'l2', 'random_state': 42, 'solver': 'saga', 'tol': 0.0001, 'verbose': 0, 'warm_start': False}",0.1079251766204834
Coffee,4,5,1,3,KNN,HMM_GMM,6,"{'n_components': 4, 'n_mix': 3, 'covariance_type': 'diag'}",0.6166666666666667,0.552600935711265,"{'algorithm': 'auto', 'leaf_size': 30, 'metric': 'minkowski', 'metric_params': None, 'n_jobs': None, 'n_neighbors': np.int64(13), 'p': 4, 'weights': 'distance'}",0.031165122985839844
Coffee,4,5,1,3,RandomForest,HMM_GMM,6,"{'n_components': 4, 'n_mix': 3, 'covariance_type': 'diag'}",0.645,0.5962551111472296,"{'bootstrap': True, 'ccp_alpha': 0.0, 'class_weight': None, 'criterion': 'gini', 'max_depth': 30, 'max_features': 'sqrt', 'max_leaf_nodes': None, 'max_samples': None, 'min_impurity_decrease': 0.0, 'min_samples_leaf': 4, 'min_samples_split': 2, 'min_weight_fraction_leaf': 0.0, 'monotonic_cst': None, 'n_estimators': 50, 'n_jobs': None, 'oob_score': False, 'random_state': 42, 'verbose': 0, 'warm_start': False}",0.1851491928100586
Coffee,4,5,1,3,LinearSVC,HMM_GMM,6,"{'n_components': 4, 'n_mix': 3, 'covariance_type': 'diag'}",0.735,0.7267197183465126,"{'C': np.float64(0.2069138081114788), 'class_weight': 'balanced', 'dual': False, 'fit_intercept': False, 'intercept_scaling': 1, 'loss': 'squared_hinge', 'max_iter': 100, 'multi_class': 'ovr', 'penalty': 'l2', 'random_state': 42, 'tol': 0.0001, 'verbose': 0}",0.011683464050292969
Coffee,4,5,1,3,LogisticRegression,HMM_GMM,6,"{'n_components': 4, 'n_mix': 3, 'covariance_type': 'diag'}",0.5116666666666667,0.4095284774753553,"{'C': np.float64(0.0069519279617756054), 'class_weight': 'balanced', 'dual': False, 'fit_intercept': False, 'intercept_scaling': 1, 'l1_ratio': None, 'max_iter': 100, 'multi_class': 'deprecated', 'n_jobs': None, 'penalty': 'l2', 'random_state': 42, 'solver': 'lbfgs', 'tol': 0.0001, 'verbose': 0, 'warm_start': False}",0.03298234939575195
Coffee,4,5,1,3,KNN,HMM_GMM,7,"{'n_components': 2, 'n_mix': 5, 'covariance_type': 'diag'}",0.605,0.5366942593157505,"{'algorithm': 'auto', 'leaf_size': 30, 'metric': 'chebyshev', 'metric_params': None, 'n_jobs': None, 'n_neighbors': np.int64(5), 'p': 2, 'weights': 'uniform'}",0.0282595157623291
Coffee,4,5,1,3,RandomForest,HMM_GMM,7,"{'n_components': 2, 'n_mix': 5, 'covariance_type': 'diag'}",0.685,0.67031209658097,"{'bootstrap': True, 'ccp_alpha': 0.0, 'class_weight': 'balanced', 'criterion': 'gini', 'max_depth': 10, 'max_features': 'sqrt', 'max_leaf_nodes': None, 'max_samples': None, 'min_impurity_decrease': 0.0, 'min_samples_leaf': 1, 'min_samples_split': 2, 'min_weight_fraction_leaf': 0.0, 'monotonic_cst': None, 'n_estimators': 100, 'n_jobs': None, 'oob_score': False, 'random_state': 42, 'verbose': 0, 'warm_start': False}",0.37621402740478516
Coffee,4,5,1,3,LinearSVC,HMM_GMM,7,"{'n_components': 2, 'n_mix': 5, 'covariance_type': 'diag'}",0.6083333333333333,0.5770469031999125,"{'C': np.float64(0.2069138081114788), 'class_weight': 'balanced', 'dual': False, 'fit_intercept': False, 'intercept_scaling': 1, 'loss': 'squared_hinge', 'max_iter': 100, 'multi_class': 'ovr', 'penalty': 'l2', 'random_state': 42, 'tol': 0.0001, 'verbose': 0}",0.009684085845947266
Coffee,4,5,1,3,LogisticRegression,HMM_GMM,7,"{'n_components': 2, 'n_mix': 5, 'covariance_type': 'diag'}",0.5183333333333333,0.3934334590883288,"{'C': np.float64(2.6366508987303554), 'class_weight': 'balanced', 'dual': False, 'fit_intercept': True, 'intercept_scaling': 1, 'l1_ratio': None, 'max_iter': 100, 'multi_class': 'deprecated', 'n_jobs': None, 'penalty': 'l1', 'random_state': 42, 'solver': 'saga', 'tol': 0.0001, 'verbose': 0, 'warm_start': False}",0.13349604606628418
Coffee,4,5,1,3,KNN,HMM_GMM,8,"{'n_components': 1, 'n_mix': 3, 'covariance_type': 'full'}",0.6266666666666667,0.5716749846773488,"{'algorithm': 'auto', 'leaf_size': 30, 'metric': 'euclidean', 'metric_params': None, 'n_jobs': None, 'n_neighbors': np.int64(9), 'p': 2, 'weights': 'distance'}",0.01075434684753418
Coffee,4,5,1,3,RandomForest,HMM_GMM,8,"{'n_components': 1, 'n_mix': 3, 'covariance_type': 'full'}",0.6416666666666667,0.6070207834296629,"{'bootstrap': True, 'ccp_alpha': 0.0, 'class_weight': 'balanced', 'criterion': 'gini', 'max_depth': 10, 'max_features': 'sqrt', 'max_leaf_nodes': None, 'max_samples': None, 'min_impurity_decrease': 0.0, 'min_samples_leaf': 1, 'min_samples_split': 2, 'min_weight_fraction_leaf': 0.0, 'monotonic_cst': None, 'n_estimators': 100, 'n_jobs': None, 'oob_score': False, 'random_state': 42, 'verbose': 0, 'warm_start': False}",0.4251596927642822
Coffee,4,5,1,3,LinearSVC,HMM_GMM,8,"{'n_components': 1, 'n_mix': 3, 'covariance_type': 'full'}",0.6883333333333334,0.6621945763702713,"{'C': np.float64(0.2069138081114788), 'class_weight': 'balanced', 'dual': False, 'fit_intercept': False, 'intercept_scaling': 1, 'loss': 'squared_hinge', 'max_iter': 100, 'multi_class': 'ovr', 'penalty': 'l2', 'random_state': 42, 'tol': 0.0001, 'verbose': 0}",0.01311802864074707
Coffee,4,5,1,3,LogisticRegression,HMM_GMM,8,"{'n_components': 1, 'n_mix': 3, 'covariance_type': 'full'}",0.6316666666666667,0.5931831467242231,"{'C': np.float64(0.4832930238571752), 'class_weight': 'balanced', 'dual': False, 'fit_intercept': True, 'intercept_scaling': 1, 'l1_ratio': None, 'max_iter': 100, 'multi_class': 'deprecated', 'n_jobs': None, 'penalty': 'l2', 'random_state': 42, 'solver': 'lbfgs', 'tol': 0.0001, 'verbose': 0, 'warm_start': False}",0.4860270023345947
Coffee,4,5,1,3,KNN,HMM_GMM,9,"{'n_components': 5, 'n_mix': 1, 'covariance_type': 'diag'}",0.625,0.5658367650207161,"{'algorithm': 'auto', 'leaf_size': 30, 'metric': 'chebyshev', 'metric_params': None, 'n_jobs': None, 'n_neighbors': np.int64(5), 'p': 2, 'weights': 'uniform'}",0.02799367904663086
Coffee,4,5,1,3,RandomForest,HMM_GMM,9,"{'n_components': 5, 'n_mix': 1, 'covariance_type': 'diag'}",0.6333333333333333,0.5793274692694408,"{'bootstrap': True, 'ccp_alpha': 0.0, 'class_weight': 'balanced', 'criterion': 'gini', 'max_depth': None, 'max_features': 'sqrt', 'max_leaf_nodes': None, 'max_samples': None, 'min_impurity_decrease': 0.0, 'min_samples_leaf': 1, 'min_samples_split': 2, 'min_weight_fraction_leaf': 0.0, 'monotonic_cst': None, 'n_estimators': 50, 'n_jobs': None, 'oob_score': False, 'random_state': 42, 'verbose': 0, 'warm_start': False}",0.19168853759765625
Coffee,4,5,1,3,LinearSVC,HMM_GMM,9,"{'n_components': 5, 'n_mix': 1, 'covariance_type': 'diag'}",0.5733333333333334,0.571307542360174,"{'C': np.float64(0.08858667904100823), 'class_weight': None, 'dual': False, 'fit_intercept': False, 'intercept_scaling': 1, 'loss': 'squared_hinge', 'max_iter': 100, 'multi_class': 'ovr', 'penalty': 'l1', 'random_state': 42, 'tol': 0.0001, 'verbose': 0}",0.021515607833862305
Coffee,4,5,1,3,LogisticRegression,HMM_GMM,9,"{'n_components': 5, 'n_mix': 1, 'covariance_type': 'diag'}",0.5616666666666666,0.49601727924745054,"{'C': np.float64(0.4832930238571752), 'class_weight': 'balanced', 'dual': False, 'fit_intercept': True, 'intercept_scaling': 1, 'l1_ratio': None, 'max_iter': 100, 'multi_class': 'deprecated', 'n_jobs': None, 'penalty': 'l1', 'random_state': 42, 'solver': 'saga', 'tol': 0.0001, 'verbose': 0, 'warm_start': False}",0.06079411506652832
Coffee,4,5,1,3,KNN,HMM_GMM,10,"{'n_components': 3, 'n_mix': 5, 'covariance_type': 'diag'}",0.6133333333333333,0.5497295627643352,"{'algorithm': 'auto', 'leaf_size': 30, 'metric': 'chebyshev', 'metric_params': None, 'n_jobs': None, 'n_neighbors': np.int64(5), 'p': 2, 'weights': 'uniform'}",0.027342796325683594
Coffee,4,5,1,3,RandomForest,HMM_GMM,10,"{'n_components': 3, 'n_mix': 5, 'covariance_type': 'diag'}",0.725,0.7207832756851559,"{'bootstrap': True, 'ccp_alpha': 0.0, 'class_weight': 'balanced', 'criterion': 'gini', 'max_depth': 20, 'max_features': 'sqrt', 'max_leaf_nodes': None, 'max_samples': None, 'min_impurity_decrease': 0.0, 'min_samples_leaf': 1, 'min_samples_split': 2, 'min_weight_fraction_leaf': 0.0, 'monotonic_cst': None, 'n_estimators': 50, 'n_jobs': None, 'oob_score': False, 'random_state': 42, 'verbose': 0, 'warm_start': False}",0.1821913719177246
Coffee,4,5,1,3,LinearSVC,HMM_GMM,10,"{'n_components': 3, 'n_mix': 5, 'covariance_type': 'diag'}",0.6566666666666666,0.6309756447292862,"{'C': np.float64(0.2069138081114788), 'class_weight': 'balanced', 'dual': False, 'fit_intercept': False, 'intercept_scaling': 1, 'loss': 'squared_hinge', 'max_iter': 100, 'multi_class': 'ovr', 'penalty': 'l2', 'random_state': 42, 'tol': 0.0001, 'verbose': 0}",0.011763572692871094
Coffee,4,5,1,3,LogisticRegression,HMM_GMM,10,"{'n_components': 3, 'n_mix': 5, 'covariance_type': 'diag'}",0.62,0.5738749085585719,"{'C': np.float64(2.6366508987303554), 'class_weight': 'balanced', 'dual': False, 'fit_intercept': True, 'intercept_scaling': 1, 'l1_ratio': None, 'max_iter': 100, 'multi_class': 'deprecated', 'n_jobs': None, 'penalty': 'l1', 'random_state': 42, 'solver': 'saga', 'tol': 0.0001, 'verbose': 0, 'warm_start': False}",0.14754104614257812
Coffee,4,5,1,5,KNN,HMM_GMM,1,"{'n_components': 2, 'n_mix': 1, 'covariance_type': 'diag'}",0.6116666666666667,0.5464578880872304,"{'algorithm': 'auto', 'leaf_size': 30, 'metric': 'euclidean', 'metric_params': None, 'n_jobs': None, 'n_neighbors': np.int64(15), 'p': 2, 'weights': 'distance'}",0.018986225128173828
Coffee,4,5,1,5,RandomForest,HMM_GMM,1,"{'n_components': 2, 'n_mix': 1, 'covariance_type': 'diag'}",0.655,0.6183302745573199,"{'bootstrap': True, 'ccp_alpha': 0.0, 'class_weight': 'balanced', 'criterion': 'gini', 'max_depth': 30, 'max_features': 'sqrt', 'max_leaf_nodes': None, 'max_samples': None, 'min_impurity_decrease': 0.0, 'min_samples_leaf': 1, 'min_samples_split': 2, 'min_weight_fraction_leaf': 0.0, 'monotonic_cst': None, 'n_estimators': 150, 'n_jobs': None, 'oob_score': False, 'random_state': 42, 'verbose': 0, 'warm_start': False}",0.6823904514312744
Coffee,4,5,1,5,LinearSVC,HMM_GMM,1,"{'n_components': 2, 'n_mix': 1, 'covariance_type': 'diag'}",0.5616666666666666,0.4791475943689546,"{'C': np.float64(33.59818286283781), 'class_weight': None, 'dual': False, 'fit_intercept': True, 'intercept_scaling': 1, 'loss': 'squared_hinge', 'max_iter': 100, 'multi_class': 'ovr', 'penalty': 'l1', 'random_state': 42, 'tol': 0.001, 'verbose': 0}",0.01686882972717285
Coffee,4,5,1,5,LogisticRegression,HMM_GMM,1,"{'n_components': 2, 'n_mix': 1, 'covariance_type': 'diag'}",0.5916666666666667,0.537356012260478,"{'C': np.float64(1000.0), 'class_weight': 'balanced', 'dual': False, 'fit_intercept': True, 'intercept_scaling': 1, 'l1_ratio': None, 'max_iter': 100, 'multi_class': 'deprecated', 'n_jobs': None, 'penalty': 'l2', 'random_state': 42, 'solver': 'sag', 'tol': 0.0001, 'verbose': 0, 'warm_start': False}",0.04875636100769043
Coffee,4,5,1,5,KNN,HMM_GMM,2,"{'n_components': 2, 'n_mix': 4, 'covariance_type': 'tied'}",0.61,0.541727140875897,"{'algorithm': 'auto', 'leaf_size': 30, 'metric': 'euclidean', 'metric_params': None, 'n_jobs': None, 'n_neighbors': np.int64(15), 'p': 2, 'weights': 'distance'}",0.014338970184326172
Coffee,4,5,1,5,RandomForest,HMM_GMM,2,"{'n_components': 2, 'n_mix': 4, 'covariance_type': 'tied'}",0.64,0.59456020639016,"{'bootstrap': True, 'ccp_alpha': 0.0, 'class_weight': 'balanced', 'criterion': 'gini', 'max_depth': None, 'max_features': 'sqrt', 'max_leaf_nodes': None, 'max_samples': None, 'min_impurity_decrease': 0.0, 'min_samples_leaf': 1, 'min_samples_split': 2, 'min_weight_fraction_leaf': 0.0, 'monotonic_cst': None, 'n_estimators': 50, 'n_jobs': None, 'oob_score': False, 'random_state': 42, 'verbose': 0, 'warm_start': False}",0.22529053688049316
Coffee,4,5,1,5,LinearSVC,HMM_GMM,2,"{'n_components': 2, 'n_mix': 4, 'covariance_type': 'tied'}",0.585,0.5231263902663497,"{'C': np.float64(2.6366508987303554), 'class_weight': 'balanced', 'dual': False, 'fit_intercept': True, 'intercept_scaling': 1, 'loss': 'squared_hinge', 'max_iter': 100, 'multi_class': 'ovr', 'penalty': 'l1', 'random_state': 42, 'tol': 0.0001, 'verbose': 0}",0.05733942985534668
Coffee,4,5,1,5,LogisticRegression,HMM_GMM,2,"{'n_components': 2, 'n_mix': 4, 'covariance_type': 'tied'}",0.59,0.531712860634778,"{'C': np.float64(33.59818286283781), 'class_weight': None, 'dual': False, 'fit_intercept': True, 'intercept_scaling': 1, 'l1_ratio': None, 'max_iter': 100, 'multi_class': 'deprecated', 'n_jobs': None, 'penalty': 'l2', 'random_state': 42, 'solver': 'saga', 'tol': 0.0001, 'verbose': 0, 'warm_start': False}",0.20236587524414062
Coffee,4,5,1,5,KNN,HMM_GMM,3,"{'n_components': 1, 'n_mix': 3, 'covariance_type': 'diag'}",0.615,0.5529462996994227,"{'algorithm': 'auto', 'leaf_size': 30, 'metric': 'euclidean', 'metric_params': None, 'n_jobs': None, 'n_neighbors': np.int64(15), 'p': 2, 'weights': 'distance'}",0.018785715103149414
Coffee,4,5,1,5,RandomForest,HMM_GMM,3,"{'n_components': 1, 'n_mix': 3, 'covariance_type': 'diag'}",0.645,0.5981643828812021,"{'bootstrap': True, 'ccp_alpha': 0.0, 'class_weight': None, 'criterion': 'gini', 'max_depth': None, 'max_features': 'sqrt', 'max_leaf_nodes': None, 'max_samples': None, 'min_impurity_decrease': 0.0, 'min_samples_leaf': 4, 'min_samples_split': 2, 'min_weight_fraction_leaf': 0.0, 'monotonic_cst': None, 'n_estimators': 50, 'n_jobs': None, 'oob_score': False, 'random_state': 42, 'verbose': 0, 'warm_start': False}",0.23856258392333984
Coffee,4,5,1,5,LinearSVC,HMM_GMM,3,"{'n_components': 1, 'n_mix': 3, 'covariance_type': 'diag'}",0.51,0.4055880773354048,"{'C': np.float64(0.08858667904100823), 'class_weight': None, 'dual': False, 'fit_intercept': False, 'intercept_scaling': 1, 'loss': 'squared_hinge', 'max_iter': 100, 'multi_class': 'ovr', 'penalty': 'l1', 'random_state': 42, 'tol': 0.0001, 'verbose': 0}",0.028474807739257812
Coffee,4,5,1,5,LogisticRegression,HMM_GMM,3,"{'n_components': 1, 'n_mix': 3, 'covariance_type': 'diag'}",0.5783333333333334,0.5118074029529237,"{'C': np.float64(2.6366508987303554), 'class_weight': 'balanced', 'dual': False, 'fit_intercept': True, 'intercept_scaling': 1, 'l1_ratio': None, 'max_iter': 100, 'multi_class': 'deprecated', 'n_jobs': None, 'penalty': 'l1', 'random_state': 42, 'solver': 'saga', 'tol': 0.0001, 'verbose': 0, 'warm_start': False}",0.23002052307128906
Coffee,4,5,1,5,KNN,HMM_GMM,4,"{'n_components': 4, 'n_mix': 3, 'covariance_type': 'diag'}",0.6233333333333333,0.5629967698318954,"{'algorithm': 'auto', 'leaf_size': 30, 'metric': 'minkowski', 'metric_params': None, 'n_jobs': None, 'n_neighbors': np.int64(5), 'p': 3, 'weights': 'distance'}",0.04219555854797363
Coffee,4,5,1,5,RandomForest,HMM_GMM,4,"{'n_components': 4, 'n_mix': 3, 'covariance_type': 'diag'}",0.6566666666666666,0.6147298699738171,"{'bootstrap': True, 'ccp_alpha': 0.0, 'class_weight': None, 'criterion': 'gini', 'max_depth': None, 'max_features': 'sqrt', 'max_leaf_nodes': None, 'max_samples': None, 'min_impurity_decrease': 0.0, 'min_samples_leaf': 2, 'min_samples_split': 20, 'min_weight_fraction_leaf': 0.0, 'monotonic_cst': None, 'n_estimators': 100, 'n_jobs': None, 'oob_score': False, 'random_state': 42, 'verbose': 0, 'warm_start': False}",0.512223482131958
Coffee,4,5,1,5,LinearSVC,HMM_GMM,4,"{'n_components': 4, 'n_mix': 3, 'covariance_type': 'diag'}",0.645,0.5994602911213103,"{'C': np.float64(33.59818286283781), 'class_weight': None, 'dual': False, 'fit_intercept': True, 'intercept_scaling': 1, 'loss': 'squared_hinge', 'max_iter': 100, 'multi_class': 'ovr', 'penalty': 'l1', 'random_state': 42, 'tol': 0.001, 'verbose': 0}",0.06669783592224121
Coffee,4,5,1,5,LogisticRegression,HMM_GMM,4,"{'n_components': 4, 'n_mix': 3, 'covariance_type': 'diag'}",0.6683333333333333,0.6371498000333082,"{'C': np.float64(14.38449888287663), 'class_weight': 'balanced', 'dual': False, 'fit_intercept': False, 'intercept_scaling': 1, 'l1_ratio': None, 'max_iter': 100, 'multi_class': 'deprecated', 'n_jobs': None, 'penalty': 'l2', 'random_state': 42, 'solver': 'sag', 'tol': 0.0001, 'verbose': 0, 'warm_start': False}",0.046141862869262695
Coffee,4,5,1,5,KNN,HMM_GMM,5,"{'n_components': 1, 'n_mix': 1, 'covariance_type': 'tied'}",0.6233333333333333,0.564042088481578,"{'algorithm': 'auto', 'leaf_size': 30, 'metric': 'minkowski', 'metric_params': None, 'n_jobs': None, 'n_neighbors': np.int64(13), 'p': 4, 'weights': 'distance'}",0.04848122596740723
Coffee,4,5,1,5,RandomForest,HMM_GMM,5,"{'n_components': 1, 'n_mix': 1, 'covariance_type': 'tied'}",0.6433333333333333,0.6222132205706716,"{'bootstrap': True, 'ccp_alpha': 0.0, 'class_weight': 'balanced', 'criterion': 'gini', 'max_depth': 20, 'max_features': 'sqrt', 'max_leaf_nodes': None, 'max_samples': None, 'min_impurity_decrease': 0.0, 'min_samples_leaf': 2, 'min_samples_split': 5, 'min_weight_fraction_leaf': 0.0, 'monotonic_cst': None, 'n_estimators': 50, 'n_jobs': None, 'oob_score': False, 'random_state': 42, 'verbose': 0, 'warm_start': False}",0.25864124298095703
Coffee,4,5,1,5,LinearSVC,HMM_GMM,5,"{'n_components': 1, 'n_mix': 1, 'covariance_type': 'tied'}",0.7083333333333334,0.68465108369521,"{'C': np.float64(183.29807108324337), 'class_weight': 'balanced', 'dual': False, 'fit_intercept': True, 'intercept_scaling': 1, 'loss': 'squared_hinge', 'max_iter': 100, 'multi_class': 'ovr', 'penalty': 'l1', 'random_state': 42, 'tol': 0.0001, 'verbose': 0}",0.05490684509277344
Coffee,4,5,1,5,LogisticRegression,HMM_GMM,5,"{'n_components': 1, 'n_mix': 1, 'covariance_type': 'tied'}",0.7033333333333334,0.6788541606290692,"{'C': np.float64(0.2069138081114788), 'class_weight': None, 'dual': False, 'fit_intercept': True, 'intercept_scaling': 1, 'l1_ratio': None, 'max_iter': 100, 'multi_class': 'deprecated', 'n_jobs': None, 'penalty': 'l2', 'random_state': 42, 'solver': 'sag', 'tol': 0.0001, 'verbose': 0, 'warm_start': False}",0.040766000747680664
Coffee,4,5,1,5,KNN,HMM_GMM,6,"{'n_components': 4, 'n_mix': 3, 'covariance_type': 'diag'}",0.6233333333333333,0.5629967698318954,"{'algorithm': 'auto', 'leaf_size': 30, 'metric': 'minkowski', 'metric_params': None, 'n_jobs': None, 'n_neighbors': np.int64(5), 'p': 3, 'weights': 'distance'}",0.03926420211791992
Coffee,4,5,1,5,RandomForest,HMM_GMM,6,"{'n_components': 4, 'n_mix': 3, 'covariance_type': 'diag'}",0.6583333333333333,0.617007761953385,"{'bootstrap': True, 'ccp_alpha': 0.0, 'class_weight': None, 'criterion': 'gini', 'max_depth': None, 'max_features': 'sqrt', 'max_leaf_nodes': None, 'max_samples': None, 'min_impurity_decrease': 0.0, 'min_samples_leaf': 2, 'min_samples_split': 20, 'min_weight_fraction_leaf': 0.0, 'monotonic_cst': None, 'n_estimators': 100, 'n_jobs': None, 'oob_score': False, 'random_state': 42, 'verbose': 0, 'warm_start': False}",0.45299506187438965
Coffee,4,5,1,5,LinearSVC,HMM_GMM,6,"{'n_components': 4, 'n_mix': 3, 'covariance_type': 'diag'}",0.645,0.5994602911213103,"{'C': np.float64(33.59818286283781), 'class_weight': None, 'dual': False, 'fit_intercept': True, 'intercept_scaling': 1, 'loss': 'squared_hinge', 'max_iter': 100, 'multi_class': 'ovr', 'penalty': 'l1', 'random_state': 42, 'tol': 0.001, 'verbose': 0}",0.055344581604003906
Coffee,4,5,1,5,LogisticRegression,HMM_GMM,6,"{'n_components': 4, 'n_mix': 3, 'covariance_type': 'diag'}",0.6683333333333333,0.6371498000333082,"{'C': np.float64(14.38449888287663), 'class_weight': 'balanced', 'dual': False, 'fit_intercept': False, 'intercept_scaling': 1, 'l1_ratio': None, 'max_iter': 100, 'multi_class': 'deprecated', 'n_jobs': None, 'penalty': 'l2', 'random_state': 42, 'solver': 'sag', 'tol': 0.0001, 'verbose': 0, 'warm_start': False}",0.03767037391662598
Coffee,4,5,1,5,KNN,HMM_GMM,7,"{'n_components': 2, 'n_mix': 5, 'covariance_type': 'diag'}",0.605,0.5357042634510757,"{'algorithm': 'auto', 'leaf_size': 30, 'metric': 'minkowski', 'metric_params': None, 'n_jobs': None, 'n_neighbors': np.int64(5), 'p': 3, 'weights': 'distance'}",0.04328203201293945
Coffee,4,5,1,5,RandomForest,HMM_GMM,7,"{'n_components': 2, 'n_mix': 5, 'covariance_type': 'diag'}",0.6683333333333333,0.6456577509230584,"{'bootstrap': True, 'ccp_alpha': 0.0, 'class_weight': 'balanced', 'criterion': 'gini', 'max_depth': 10, 'max_features': 'sqrt', 'max_leaf_nodes': None, 'max_samples': None, 'min_impurity_decrease': 0.0, 'min_samples_leaf': 1, 'min_samples_split': 5, 'min_weight_fraction_leaf': 0.0, 'monotonic_cst': None, 'n_estimators': 50, 'n_jobs': None, 'oob_score': False, 'random_state': 42, 'verbose': 0, 'warm_start': False}",0.23523807525634766
Coffee,4,5,1,5,LinearSVC,HMM_GMM,7,"{'n_components': 2, 'n_mix': 5, 'covariance_type': 'diag'}",0.51,0.37363379863379864,"{'C': np.float64(2.6366508987303554), 'class_weight': 'balanced', 'dual': False, 'fit_intercept': True, 'intercept_scaling': 1, 'loss': 'squared_hinge', 'max_iter': 100, 'multi_class': 'ovr', 'penalty': 'l1', 'random_state': 42, 'tol': 0.0001, 'verbose': 0}",0.05297064781188965
Coffee,4,5,1,5,LogisticRegression,HMM_GMM,7,"{'n_components': 2, 'n_mix': 5, 'covariance_type': 'diag'}",0.5216666666666666,0.3998835733648327,"{'C': np.float64(33.59818286283781), 'class_weight': None, 'dual': False, 'fit_intercept': True, 'intercept_scaling': 1, 'l1_ratio': None, 'max_iter': 100, 'multi_class': 'deprecated', 'n_jobs': None, 'penalty': 'l2', 'random_state': 42, 'solver': 'saga', 'tol': 0.0001, 'verbose': 0, 'warm_start': False}",0.07815361022949219
Coffee,4,5,1,5,KNN,HMM_GMM,8,"{'n_components': 1, 'n_mix': 3, 'covariance_type': 'full'}",0.6433333333333333,0.5966514047628931,"{'algorithm': 'auto', 'leaf_size': 30, 'metric': 'minkowski', 'metric_params': None, 'n_jobs': None, 'n_neighbors': np.int64(5), 'p': 3, 'weights': 'distance'}",0.04379010200500488
Coffee,4,5,1,5,RandomForest,HMM_GMM,8,"{'n_components': 1, 'n_mix': 3, 'covariance_type': 'full'}",0.5783333333333334,0.5507930156803749,"{'bootstrap': True, 'ccp_alpha': 0.0, 'class_weight': None, 'criterion': 'gini', 'max_depth': 30, 'max_features': 'sqrt', 'max_leaf_nodes': None, 'max_samples': None, 'min_impurity_decrease': 0.0, 'min_samples_leaf': 4, 'min_samples_split': 2, 'min_weight_fraction_leaf': 0.0, 'monotonic_cst': None, 'n_estimators': 50, 'n_jobs': None, 'oob_score': False, 'random_state': 42, 'verbose': 0, 'warm_start': False}",0.26138925552368164
Coffee,4,5,1,5,LinearSVC,HMM_GMM,8,"{'n_components': 1, 'n_mix': 3, 'covariance_type': 'full'}",0.69,0.6644034090140951,"{'C': np.float64(0.2069138081114788), 'class_weight': 'balanced', 'dual': False, 'fit_intercept': False, 'intercept_scaling': 1, 'loss': 'squared_hinge', 'max_iter': 100, 'multi_class': 'ovr', 'penalty': 'l2', 'random_state': 42, 'tol': 0.0001, 'verbose': 0}",0.021572351455688477
Coffee,4,5,1,5,LogisticRegression,HMM_GMM,8,"{'n_components': 1, 'n_mix': 3, 'covariance_type': 'full'}",0.7533333333333333,0.7514437274033544,"{'C': np.float64(0.4832930238571752), 'class_weight': 'balanced', 'dual': False, 'fit_intercept': True, 'intercept_scaling': 1, 'l1_ratio': None, 'max_iter': 100, 'multi_class': 'deprecated', 'n_jobs': None, 'penalty': 'l1', 'random_state': 42, 'solver': 'saga', 'tol': 0.0001, 'verbose': 0, 'warm_start': False}",0.2793705463409424
Coffee,4,5,1,5,KNN,HMM_GMM,9,"{'n_components': 5, 'n_mix': 1, 'covariance_type': 'diag'}",0.625,0.5656998738965953,"{'algorithm': 'auto', 'leaf_size': 30, 'metric': 'minkowski', 'metric_params': None, 'n_jobs': None, 'n_neighbors': np.int64(5), 'p': 3, 'weights': 'distance'}",0.06797099113464355
Coffee,4,5,1,5,RandomForest,HMM_GMM,9,"{'n_components': 5, 'n_mix': 1, 'covariance_type': 'diag'}",0.6316666666666667,0.5775852626638431,"{'bootstrap': True, 'ccp_alpha': 0.0, 'class_weight': None, 'criterion': 'gini', 'max_depth': None, 'max_features': 'sqrt', 'max_leaf_nodes': None, 'max_samples': None, 'min_impurity_decrease': 0.0, 'min_samples_leaf': 2, 'min_samples_split': 20, 'min_weight_fraction_leaf': 0.0, 'monotonic_cst': None, 'n_estimators': 100, 'n_jobs': None, 'oob_score': False, 'random_state': 42, 'verbose': 0, 'warm_start': False}",0.4747180938720703
Coffee,4,5,1,5,LinearSVC,HMM_GMM,9,"{'n_components': 5, 'n_mix': 1, 'covariance_type': 'diag'}",0.55,0.5472517857172384,"{'C': np.float64(0.08858667904100823), 'class_weight': None, 'dual': False, 'fit_intercept': False, 'intercept_scaling': 1, 'loss': 'squared_hinge', 'max_iter': 100, 'multi_class': 'ovr', 'penalty': 'l1', 'random_state': 42, 'tol': 0.0001, 'verbose': 0}",0.028885841369628906
Coffee,4,5,1,5,LogisticRegression,HMM_GMM,9,"{'n_components': 5, 'n_mix': 1, 'covariance_type': 'diag'}",0.52,0.48391522852729757,"{'C': np.float64(0.002976351441631319), 'class_weight': None, 'dual': False, 'fit_intercept': True, 'intercept_scaling': 1, 'l1_ratio': None, 'max_iter': 100, 'multi_class': 'deprecated', 'n_jobs': None, 'penalty': 'l2', 'random_state': 42, 'solver': 'saga', 'tol': 0.0001, 'verbose': 0, 'warm_start': False}",0.028595447540283203
Coffee,4,5,1,5,KNN,HMM_GMM,10,"{'n_components': 3, 'n_mix': 5, 'covariance_type': 'diag'}",0.6566666666666666,0.612763664735116,"{'algorithm': 'auto', 'leaf_size': 30, 'metric': 'manhattan', 'metric_params': None, 'n_jobs': None, 'n_neighbors': np.int64(5), 'p': 2, 'weights': 'distance'}",0.019065141677856445
Coffee,4,5,1,5,RandomForest,HMM_GMM,10,"{'n_components': 3, 'n_mix': 5, 'covariance_type': 'diag'}",0.6616666666666666,0.6290491926592985,"{'bootstrap': True, 'ccp_alpha': 0.0, 'class_weight': 'balanced', 'criterion': 'gini', 'max_depth': 20, 'max_features': 'sqrt', 'max_leaf_nodes': None, 'max_samples': None, 'min_impurity_decrease': 0.0, 'min_samples_leaf': 2, 'min_samples_split': 5, 'min_weight_fraction_leaf': 0.0, 'monotonic_cst': None, 'n_estimators': 50, 'n_jobs': None, 'oob_score': False, 'random_state': 42, 'verbose': 0, 'warm_start': False}",0.2473142147064209
Coffee,4,5,1,5,LinearSVC,HMM_GMM,10,"{'n_components': 3, 'n_mix': 5, 'covariance_type': 'diag'}",0.595,0.5379676541578017,"{'C': np.float64(2.6366508987303554), 'class_weight': 'balanced', 'dual': False, 'fit_intercept': True, 'intercept_scaling': 1, 'loss': 'squared_hinge', 'max_iter': 100, 'multi_class': 'ovr', 'penalty': 'l1', 'random_state': 42, 'tol': 0.0001, 'verbose': 0}",0.052992820739746094
Coffee,4,5,1,5,LogisticRegression,HMM_GMM,10,"{'n_components': 3, 'n_mix': 5, 'covariance_type': 'diag'}",0.6316666666666667,0.5963230737671488,"{'C': np.float64(2.6366508987303554), 'class_weight': 'balanced', 'dual': False, 'fit_intercept': True, 'intercept_scaling': 1, 'l1_ratio': None, 'max_iter': 100, 'multi_class': 'deprecated', 'n_jobs': None, 'penalty': 'l1', 'random_state': 42, 'solver': 'saga', 'tol': 0.0001, 'verbose': 0, 'warm_start': False}",0.2323012351989746
Coffee,4,5,1,10,KNN,HMM_GMM,1,"{'n_components': 2, 'n_mix': 1, 'covariance_type': 'diag'}",0.6233333333333333,0.5632036808507398,"{'algorithm': 'auto', 'leaf_size': 30, 'metric': 'minkowski', 'metric_params': None, 'n_jobs': None, 'n_neighbors': 5, 'p': 2, 'weights': 'uniform'}",0.04731631278991699
Coffee,4,5,1,10,RandomForest,HMM_GMM,1,"{'n_components': 2, 'n_mix': 1, 'covariance_type': 'diag'}",0.6633333333333333,0.6309318398807762,"{'bootstrap': True, 'ccp_alpha': 0.0, 'class_weight': None, 'criterion': 'gini', 'max_depth': None, 'max_features': 'sqrt', 'max_leaf_nodes': None, 'max_samples': None, 'min_impurity_decrease': 0.0, 'min_samples_leaf': 1, 'min_samples_split': 2, 'min_weight_fraction_leaf': 0.0, 'monotonic_cst': None, 'n_estimators': 100, 'n_jobs': None, 'oob_score': False, 'random_state': 42, 'verbose': 0, 'warm_start': False}",0.6926755905151367
Coffee,4,5,1,10,LinearSVC,HMM_GMM,1,"{'n_components': 2, 'n_mix': 1, 'covariance_type': 'diag'}",0.5533333333333333,0.4688492591192547,"{'C': 1.0, 'class_weight': None, 'dual': False, 'fit_intercept': True, 'intercept_scaling': 1, 'loss': 'squared_hinge', 'max_iter': 100, 'multi_class': 'ovr', 'penalty': 'l2', 'random_state': 42, 'tol': 0.0001, 'verbose': 0}",0.038950204849243164
Coffee,4,5,1,10,LogisticRegression,HMM_GMM,1,"{'n_components': 2, 'n_mix': 1, 'covariance_type': 'diag'}",0.6,0.5475346099663523,"{'C': 1.0, 'class_weight': None, 'dual': False, 'fit_intercept': True, 'intercept_scaling': 1, 'l1_ratio': None, 'max_iter': 100, 'multi_class': 'deprecated', 'n_jobs': None, 'penalty': 'l2', 'random_state': 42, 'solver': 'lbfgs', 'tol': 0.0001, 'verbose': 0, 'warm_start': False}",0.06265711784362793
Coffee,4,5,1,10,KNN,HMM_GMM,2,"{'n_components': 2, 'n_mix': 4, 'covariance_type': 'tied'}",0.6083333333333333,0.5391564972140072,"{'algorithm': 'auto', 'leaf_size': 30, 'metric': 'minkowski', 'metric_params': None, 'n_jobs': None, 'n_neighbors': 5, 'p': 2, 'weights': 'uniform'}",0.043424367904663086
Coffee,4,5,1,10,RandomForest,HMM_GMM,2,"{'n_components': 2, 'n_mix': 4, 'covariance_type': 'tied'}",0.7,0.6813186813186812,"{'bootstrap': True, 'ccp_alpha': 0.0, 'class_weight': None, 'criterion': 'gini', 'max_depth': None, 'max_features': 'sqrt', 'max_leaf_nodes': None, 'max_samples': None, 'min_impurity_decrease': 0.0, 'min_samples_leaf': 1, 'min_samples_split': 2, 'min_weight_fraction_leaf': 0.0, 'monotonic_cst': None, 'n_estimators': 100, 'n_jobs': None, 'oob_score': False, 'random_state': 42, 'verbose': 0, 'warm_start': False}",0.5875842571258545
Coffee,4,5,1,10,LinearSVC,HMM_GMM,2,"{'n_components': 2, 'n_mix': 4, 'covariance_type': 'tied'}",0.5883333333333334,0.5593589693382912,"{'C': 1.0, 'class_weight': None, 'dual': False, 'fit_intercept': True, 'intercept_scaling': 1, 'loss': 'squared_hinge', 'max_iter': 100, 'multi_class': 'ovr', 'penalty': 'l2', 'random_state': 42, 'tol': 0.0001, 'verbose': 0}",0.05132722854614258
Coffee,4,5,1,10,LogisticRegression,HMM_GMM,2,"{'n_components': 2, 'n_mix': 4, 'covariance_type': 'tied'}",0.5416666666666666,0.47583756260285576,"{'C': 1.0, 'class_weight': None, 'dual': False, 'fit_intercept': True, 'intercept_scaling': 1, 'l1_ratio': None, 'max_iter': 100, 'multi_class': 'deprecated', 'n_jobs': None, 'penalty': 'l2', 'random_state': 42, 'solver': 'lbfgs', 'tol': 0.0001, 'verbose': 0, 'warm_start': False}",0.10298991203308105
Coffee,4,5,1,10,KNN,HMM_GMM,3,"{'n_components': 1, 'n_mix': 3, 'covariance_type': 'diag'}",0.62,0.5601311279956279,"{'algorithm': 'auto', 'leaf_size': 30, 'metric': 'minkowski', 'metric_params': None, 'n_jobs': None, 'n_neighbors': 5, 'p': 2, 'weights': 'uniform'}",0.04727339744567871
Coffee,4,5,1,10,RandomForest,HMM_GMM,3,"{'n_components': 1, 'n_mix': 3, 'covariance_type': 'diag'}",0.6516666666666666,0.60565720156513,"{'bootstrap': True, 'ccp_alpha': 0.0, 'class_weight': None, 'criterion': 'gini', 'max_depth': None, 'max_features': 'sqrt', 'max_leaf_nodes': None, 'max_samples': None, 'min_impurity_decrease': 0.0, 'min_samples_leaf': 1, 'min_samples_split': 2, 'min_weight_fraction_leaf': 0.0, 'monotonic_cst': None, 'n_estimators': 100, 'n_jobs': None, 'oob_score': False, 'random_state': 42, 'verbose': 0, 'warm_start': False}",0.7454729080200195
Coffee,4,5,1,10,LinearSVC,HMM_GMM,3,"{'n_components': 1, 'n_mix': 3, 'covariance_type': 'diag'}",0.5416666666666666,0.4484257345019754,"{'C': 1.0, 'class_weight': None, 'dual': False, 'fit_intercept': True, 'intercept_scaling': 1, 'loss': 'squared_hinge', 'max_iter': 100, 'multi_class': 'ovr', 'penalty': 'l2', 'random_state': 42, 'tol': 0.0001, 'verbose': 0}",0.04842424392700195
Coffee,4,5,1,10,LogisticRegression,HMM_GMM,3,"{'n_components': 1, 'n_mix': 3, 'covariance_type': 'diag'}",0.5783333333333334,0.5122390727216006,"{'C': 1.0, 'class_weight': None, 'dual': False, 'fit_intercept': True, 'intercept_scaling': 1, 'l1_ratio': None, 'max_iter': 100, 'multi_class': 'deprecated', 'n_jobs': None, 'penalty': 'l2', 'random_state': 42, 'solver': 'lbfgs', 'tol': 0.0001, 'verbose': 0, 'warm_start': False}",0.07604455947875977
Coffee,4,5,1,10,KNN,HMM_GMM,4,"{'n_components': 4, 'n_mix': 3, 'covariance_type': 'diag'}",0.62,0.5569775374070186,"{'algorithm': 'auto', 'leaf_size': 30, 'metric': 'minkowski', 'metric_params': None, 'n_jobs': None, 'n_neighbors': 5, 'p': 2, 'weights': 'uniform'}",0.040731191635131836
Coffee,4,5,1,10,RandomForest,HMM_GMM,4,"{'n_components': 4, 'n_mix': 3, 'covariance_type': 'diag'}",0.6633333333333333,0.6222103844308742,"{'bootstrap': True, 'ccp_alpha': 0.0, 'class_weight': None, 'criterion': 'gini', 'max_depth': None, 'max_features': 'sqrt', 'max_leaf_nodes': None, 'max_samples': None, 'min_impurity_decrease': 0.0, 'min_samples_leaf': 1, 'min_samples_split': 2, 'min_weight_fraction_leaf': 0.0, 'monotonic_cst': None, 'n_estimators': 100, 'n_jobs': None, 'oob_score': False, 'random_state': 42, 'verbose': 0, 'warm_start': False}",0.5905897617340088
Coffee,4,5,1,10,LinearSVC,HMM_GMM,4,"{'n_components': 4, 'n_mix': 3, 'covariance_type': 'diag'}",0.66,0.6211030551874085,"{'C': 1.0, 'class_weight': None, 'dual': False, 'fit_intercept': True, 'intercept_scaling': 1, 'loss': 'squared_hinge', 'max_iter': 100, 'multi_class': 'ovr', 'penalty': 'l2', 'random_state': 42, 'tol': 0.0001, 'verbose': 0}",0.03853750228881836
Coffee,4,5,1,10,LogisticRegression,HMM_GMM,4,"{'n_components': 4, 'n_mix': 3, 'covariance_type': 'diag'}",0.6883333333333334,0.6595548162230672,"{'C': 1.0, 'class_weight': None, 'dual': False, 'fit_intercept': True, 'intercept_scaling': 1, 'l1_ratio': None, 'max_iter': 100, 'multi_class': 'deprecated', 'n_jobs': None, 'penalty': 'l2', 'random_state': 42, 'solver': 'lbfgs', 'tol': 0.0001, 'verbose': 0, 'warm_start': False}",0.08032989501953125
Coffee,4,5,1,10,KNN,HMM_GMM,5,"{'n_components': 1, 'n_mix': 1, 'covariance_type': 'tied'}",0.6266666666666667,0.5690110485604708,"{'algorithm': 'auto', 'leaf_size': 30, 'metric': 'minkowski', 'metric_params': None, 'n_jobs': None, 'n_neighbors': 5, 'p': 2, 'weights': 'uniform'}",0.040457725524902344
Coffee,4,5,1,10,RandomForest,HMM_GMM,5,"{'n_components': 1, 'n_mix': 1, 'covariance_type': 'tied'}",0.645,0.6244423446674282,"{'bootstrap': True, 'ccp_alpha': 0.0, 'class_weight': None, 'criterion': 'gini', 'max_depth': None, 'max_features': 'sqrt', 'max_leaf_nodes': None, 'max_samples': None, 'min_impurity_decrease': 0.0, 'min_samples_leaf': 1, 'min_samples_split': 2, 'min_weight_fraction_leaf': 0.0, 'monotonic_cst': None, 'n_estimators': 100, 'n_jobs': None, 'oob_score': False, 'random_state': 42, 'verbose': 0, 'warm_start': False}",0.6421451568603516
Coffee,4,5,1,10,LinearSVC,HMM_GMM,5,"{'n_components': 1, 'n_mix': 1, 'covariance_type': 'tied'}",0.7683333333333333,0.7584971446395637,"{'C': 1.0, 'class_weight': None, 'dual': False, 'fit_intercept': True, 'intercept_scaling': 1, 'loss': 'squared_hinge', 'max_iter': 100, 'multi_class': 'ovr', 'penalty': 'l2', 'random_state': 42, 'tol': 0.0001, 'verbose': 0}",0.047452449798583984
Coffee,4,5,1,10,LogisticRegression,HMM_GMM,5,"{'n_components': 1, 'n_mix': 1, 'covariance_type': 'tied'}",0.7983333333333333,0.7909182172450024,"{'C': 1.0, 'class_weight': None, 'dual': False, 'fit_intercept': True, 'intercept_scaling': 1, 'l1_ratio': None, 'max_iter': 100, 'multi_class': 'deprecated', 'n_jobs': None, 'penalty': 'l2', 'random_state': 42, 'solver': 'lbfgs', 'tol': 0.0001, 'verbose': 0, 'warm_start': False}",0.17227983474731445
Coffee,4,5,1,10,KNN,HMM_GMM,6,"{'n_components': 4, 'n_mix': 3, 'covariance_type': 'diag'}",0.62,0.5569775374070186,"{'algorithm': 'auto', 'leaf_size': 30, 'metric': 'minkowski', 'metric_params': None, 'n_jobs': None, 'n_neighbors': 5, 'p': 2, 'weights': 'uniform'}",0.04062390327453613
Coffee,4,5,1,10,RandomForest,HMM_GMM,6,"{'n_components': 4, 'n_mix': 3, 'covariance_type': 'diag'}",0.6583333333333333,0.6154936606229947,"{'bootstrap': True, 'ccp_alpha': 0.0, 'class_weight': None, 'criterion': 'gini', 'max_depth': None, 'max_features': 'sqrt', 'max_leaf_nodes': None, 'max_samples': None, 'min_impurity_decrease': 0.0, 'min_samples_leaf': 1, 'min_samples_split': 2, 'min_weight_fraction_leaf': 0.0, 'monotonic_cst': None, 'n_estimators': 100, 'n_jobs': None, 'oob_score': False, 'random_state': 42, 'verbose': 0, 'warm_start': False}",0.5991497039794922
Coffee,4,5,1,10,LinearSVC,HMM_GMM,6,"{'n_components': 4, 'n_mix': 3, 'covariance_type': 'diag'}",0.66,0.6211030551874085,"{'C': 1.0, 'class_weight': None, 'dual': False, 'fit_intercept': True, 'intercept_scaling': 1, 'loss': 'squared_hinge', 'max_iter': 100, 'multi_class': 'ovr', 'penalty': 'l2', 'random_state': 42, 'tol': 0.0001, 'verbose': 0}",0.03781270980834961
Coffee,4,5,1,10,LogisticRegression,HMM_GMM,6,"{'n_components': 4, 'n_mix': 3, 'covariance_type': 'diag'}",0.6883333333333334,0.6595019071569226,"{'C': 1.0, 'class_weight': None, 'dual': False, 'fit_intercept': True, 'intercept_scaling': 1, 'l1_ratio': None, 'max_iter': 100, 'multi_class': 'deprecated', 'n_jobs': None, 'penalty': 'l2', 'random_state': 42, 'solver': 'lbfgs', 'tol': 0.0001, 'verbose': 0, 'warm_start': False}",0.08136320114135742
Coffee,4,5,1,10,KNN,HMM_GMM,7,"{'n_components': 2, 'n_mix': 5, 'covariance_type': 'diag'}",0.6,0.5266048249428286,"{'algorithm': 'auto', 'leaf_size': 30, 'metric': 'minkowski', 'metric_params': None, 'n_jobs': None, 'n_neighbors': 5, 'p': 2, 'weights': 'uniform'}",0.04109382629394531
Coffee,4,5,1,10,RandomForest,HMM_GMM,7,"{'n_components': 2, 'n_mix': 5, 'covariance_type': 'diag'}",0.665,0.6574346991345887,"{'bootstrap': True, 'ccp_alpha': 0.0, 'class_weight': None, 'criterion': 'gini', 'max_depth': None, 'max_features': 'sqrt', 'max_leaf_nodes': None, 'max_samples': None, 'min_impurity_decrease': 0.0, 'min_samples_leaf': 1, 'min_samples_split': 2, 'min_weight_fraction_leaf': 0.0, 'monotonic_cst': None, 'n_estimators': 100, 'n_jobs': None, 'oob_score': False, 'random_state': 42, 'verbose': 0, 'warm_start': False}",0.5949640274047852
Coffee,4,5,1,10,LinearSVC,HMM_GMM,7,"{'n_components': 2, 'n_mix': 5, 'covariance_type': 'diag'}",0.51,0.3733746665686607,"{'C': 1.0, 'class_weight': None, 'dual': False, 'fit_intercept': True, 'intercept_scaling': 1, 'loss': 'squared_hinge', 'max_iter': 100, 'multi_class': 'ovr', 'penalty': 'l2', 'random_state': 42, 'tol': 0.0001, 'verbose': 0}",0.04109072685241699
Coffee,4,5,1,10,LogisticRegression,HMM_GMM,7,"{'n_components': 2, 'n_mix': 5, 'covariance_type': 'diag'}",0.51,0.37050499631144795,"{'C': 1.0, 'class_weight': None, 'dual': False, 'fit_intercept': True, 'intercept_scaling': 1, 'l1_ratio': None, 'max_iter': 100, 'multi_class': 'deprecated', 'n_jobs': None, 'penalty': 'l2', 'random_state': 42, 'solver': 'lbfgs', 'tol': 0.0001, 'verbose': 0, 'warm_start': False}",0.07206559181213379
Coffee,4,5,1,10,KNN,HMM_GMM,8,"{'n_components': 1, 'n_mix': 3, 'covariance_type': 'full'}",0.6233333333333333,0.5665594630018723,"{'algorithm': 'auto', 'leaf_size': 30, 'metric': 'minkowski', 'metric_params': None, 'n_jobs': None, 'n_neighbors': 5, 'p': 2, 'weights': 'uniform'}",0.042830705642700195
Coffee,4,5,1,10,RandomForest,HMM_GMM,8,"{'n_components': 1, 'n_mix': 3, 'covariance_type': 'full'}",0.62,0.5859457608218898,"{'bootstrap': True, 'ccp_alpha': 0.0, 'class_weight': None, 'criterion': 'gini', 'max_depth': None, 'max_features': 'sqrt', 'max_leaf_nodes': None, 'max_samples': None, 'min_impurity_decrease': 0.0, 'min_samples_leaf': 1, 'min_samples_split': 2, 'min_weight_fraction_leaf': 0.0, 'monotonic_cst': None, 'n_estimators': 100, 'n_jobs': None, 'oob_score': False, 'random_state': 42, 'verbose': 0, 'warm_start': False}",0.6263108253479004
Coffee,4,5,1,10,LinearSVC,HMM_GMM,8,"{'n_components': 1, 'n_mix': 3, 'covariance_type': 'full'}",0.8,0.8037172446930447,"{'C': 1.0, 'class_weight': None, 'dual': False, 'fit_intercept': True, 'intercept_scaling': 1, 'loss': 'squared_hinge', 'max_iter': 100, 'multi_class': 'ovr', 'penalty': 'l2', 'random_state': 42, 'tol': 0.0001, 'verbose': 0}",0.04904794692993164
Coffee,4,5,1,10,LogisticRegression,HMM_GMM,8,"{'n_components': 1, 'n_mix': 3, 'covariance_type': 'full'}",0.7566666666666667,0.7556829424747491,"{'C': 1.0, 'class_weight': None, 'dual': False, 'fit_intercept': True, 'intercept_scaling': 1, 'l1_ratio': None, 'max_iter': 100, 'multi_class': 'deprecated', 'n_jobs': None, 'penalty': 'l2', 'random_state': 42, 'solver': 'lbfgs', 'tol': 0.0001, 'verbose': 0, 'warm_start': False}",0.181610107421875
Coffee,4,5,1,10,KNN,HMM_GMM,9,"{'n_components': 5, 'n_mix': 1, 'covariance_type': 'diag'}",0.6233333333333333,0.564101941648291,"{'algorithm': 'auto', 'leaf_size': 30, 'metric': 'minkowski', 'metric_params': None, 'n_jobs': None, 'n_neighbors': 5, 'p': 2, 'weights': 'uniform'}",0.0589449405670166
Coffee,4,5,1,10,RandomForest,HMM_GMM,9,"{'n_components': 5, 'n_mix': 1, 'covariance_type': 'diag'}",0.64,0.5911035398873458,"{'bootstrap': True, 'ccp_alpha': 0.0, 'class_weight': None, 'criterion': 'gini', 'max_depth': None, 'max_features': 'sqrt', 'max_leaf_nodes': None, 'max_samples': None, 'min_impurity_decrease': 0.0, 'min_samples_leaf': 1, 'min_samples_split': 2, 'min_weight_fraction_leaf': 0.0, 'monotonic_cst': None, 'n_estimators': 100, 'n_jobs': None, 'oob_score': False, 'random_state': 42, 'verbose': 0, 'warm_start': False}",0.7152552604675293
Coffee,4,5,1,10,LinearSVC,HMM_GMM,9,"{'n_components': 5, 'n_mix': 1, 'covariance_type': 'diag'}",0.52,0.48209476578018895,"{'C': 1.0, 'class_weight': None, 'dual': False, 'fit_intercept': True, 'intercept_scaling': 1, 'loss': 'squared_hinge', 'max_iter': 100, 'multi_class': 'ovr', 'penalty': 'l2', 'random_state': 42, 'tol': 0.0001, 'verbose': 0}",0.03738737106323242
Coffee,4,5,1,10,LogisticRegression,HMM_GMM,9,"{'n_components': 5, 'n_mix': 1, 'covariance_type': 'diag'}",0.5366666666666666,0.4886600269931802,"{'C': 1.0, 'class_weight': None, 'dual': False, 'fit_intercept': True, 'intercept_scaling': 1, 'l1_ratio': None, 'max_iter': 100, 'multi_class': 'deprecated', 'n_jobs': None, 'penalty': 'l2', 'random_state': 42, 'solver': 'lbfgs', 'tol': 0.0001, 'verbose': 0, 'warm_start': False}",0.05127382278442383
Coffee,4,5,1,10,KNN,HMM_GMM,10,"{'n_components': 3, 'n_mix': 5, 'covariance_type': 'diag'}",0.6083333333333333,0.542186981304642,"{'algorithm': 'auto', 'leaf_size': 30, 'metric': 'minkowski', 'metric_params': None, 'n_jobs': None, 'n_neighbors': 5, 'p': 2, 'weights': 'uniform'}",0.04104423522949219
Coffee,4,5,1,10,RandomForest,HMM_GMM,10,"{'n_components': 3, 'n_mix': 5, 'covariance_type': 'diag'}",0.7,0.6880066181425168,"{'bootstrap': True, 'ccp_alpha': 0.0, 'class_weight': None, 'criterion': 'gini', 'max_depth': None, 'max_features': 'sqrt', 'max_leaf_nodes': None, 'max_samples': None, 'min_impurity_decrease': 0.0, 'min_samples_leaf': 1, 'min_samples_split': 2, 'min_weight_fraction_leaf': 0.0, 'monotonic_cst': None, 'n_estimators': 100, 'n_jobs': None, 'oob_score': False, 'random_state': 42, 'verbose': 0, 'warm_start': False}",0.5725226402282715
Coffee,4,5,1,10,LinearSVC,HMM_GMM,10,"{'n_components': 3, 'n_mix': 5, 'covariance_type': 'diag'}",0.5416666666666666,0.49526695607057664,"{'C': 1.0, 'class_weight': None, 'dual': False, 'fit_intercept': True, 'intercept_scaling': 1, 'loss': 'squared_hinge', 'max_iter': 100, 'multi_class': 'ovr', 'penalty': 'l2', 'random_state': 42, 'tol': 0.0001, 'verbose': 0}",0.04258608818054199
Coffee,4,5,1,10,LogisticRegression,HMM_GMM,10,"{'n_components': 3, 'n_mix': 5, 'covariance_type': 'diag'}",0.575,0.539746041940623,"{'C': 1.0, 'class_weight': None, 'dual': False, 'fit_intercept': True, 'intercept_scaling': 1, 'l1_ratio': None, 'max_iter': 100, 'multi_class': 'deprecated', 'n_jobs': None, 'penalty': 'l2', 'random_state': 42, 'solver': 'lbfgs', 'tol': 0.0001, 'verbose': 0, 'warm_start': False}",0.14386892318725586
Coffee,4,5,2,1,KNN,Baseline,N/A,N/A,0.7116666666666667,0.6857220491653359,"{'algorithm': 'auto', 'leaf_size': 30, 'metric': 'minkowski', 'metric_params': None, 'n_jobs': None, 'n_neighbors': 5, 'p': 2, 'weights': 'uniform'}",0.028882980346679688
Coffee,4,5,2,1,KNN,Tuned_Baseline,N/A,N/A,0.7383333333333333,0.7199859143889854,"{'algorithm': 'auto', 'leaf_size': 30, 'metric': 'chebyshev', 'metric_params': None, 'n_jobs': None, 'n_neighbors': np.int64(11), 'p': 2, 'weights': 'distance'}",0.004987478256225586
Coffee,4,5,2,1,RandomForest,Baseline,N/A,N/A,0.6216666666666667,0.5912998390583765,"{'bootstrap': True, 'ccp_alpha': 0.0, 'class_weight': None, 'criterion': 'gini', 'max_depth': None, 'max_features': 'sqrt', 'max_leaf_nodes': None, 'max_samples': None, 'min_impurity_decrease': 0.0, 'min_samples_leaf': 1, 'min_samples_split': 2, 'min_weight_fraction_leaf': 0.0, 'monotonic_cst': None, 'n_estimators': 100, 'n_jobs': None, 'oob_score': False, 'random_state': 42, 'verbose': 0, 'warm_start': False}",0.23926877975463867
Coffee,4,5,2,1,RandomForest,Tuned_Baseline,N/A,N/A,0.62,0.5884082001808864,"{'bootstrap': True, 'ccp_alpha': 0.0, 'class_weight': None, 'criterion': 'gini', 'max_depth': 20, 'max_features': 'sqrt', 'max_leaf_nodes': None, 'max_samples': None, 'min_impurity_decrease': 0.0, 'min_samples_leaf': 1, 'min_samples_split': 5, 'min_weight_fraction_leaf': 0.0, 'monotonic_cst': None, 'n_estimators': 150, 'n_jobs': None, 'oob_score': False, 'random_state': 42, 'verbose': 0, 'warm_start': False}",0.007600307464599609
Coffee,4,5,2,1,LinearSVC,Baseline,N/A,N/A,0.6766666666666666,0.6740626074991399,"{'C': 1.0, 'class_weight': None, 'dual': False, 'fit_intercept': True, 'intercept_scaling': 1, 'loss': 'squared_hinge', 'max_iter': 100, 'multi_class': 'ovr', 'penalty': 'l2', 'random_state': 42, 'tol': 0.0001, 'verbose': 0}",0.0042951107025146484
Coffee,4,5,2,1,LinearSVC,Tuned_Baseline,N/A,N/A,0.6583333333333333,0.6517307987896224,"{'C': np.float64(2.6366508987303554), 'class_weight': 'balanced', 'dual': False, 'fit_intercept': True, 'intercept_scaling': 1, 'loss': 'squared_hinge', 'max_iter': 100, 'multi_class': 'ovr', 'penalty': 'l1', 'random_state': 42, 'tol': 0.0001, 'verbose': 0}",0.0002143383026123047
Coffee,4,5,2,1,LogisticRegression,Baseline,N/A,N/A,0.6316666666666667,0.6182971660070897,"{'C': 1.0, 'class_weight': None, 'dual': False, 'fit_intercept': True, 'intercept_scaling': 1, 'l1_ratio': None, 'max_iter': 100, 'multi_class': 'deprecated', 'n_jobs': None, 'penalty': 'l2', 'random_state': 42, 'solver': 'lbfgs', 'tol': 0.0001, 'verbose': 0, 'warm_start': False}",0.02046346664428711
Coffee,4,5,2,1,LogisticRegression,Tuned_Baseline,N/A,N/A,0.6333333333333333,0.6183552220137586,"{'C': np.float64(183.29807108324337), 'class_weight': 'balanced', 'dual': False, 'fit_intercept': True, 'intercept_scaling': 1, 'l1_ratio': None, 'max_iter': 100, 'multi_class': 'deprecated', 'n_jobs': None, 'penalty': 'l1', 'random_state': 42, 'solver': 'saga', 'tol': 0.0001, 'verbose': 0, 'warm_start': False}",0.0002155303955078125
Coffee,4,5,2,1,RNN,Tuned_Baseline,N/A,N/A,0.16666666666666666,0.047619047619047616,"{'hidden_size': 64, 'epochs': 10, 'batch_size': 32, 'lr': 0.001}",2.765655517578125e-05
Coffee,4,5,2,2,KNN,HMM_GMM,1,"{'n_components': 2, 'n_mix': 1, 'covariance_type': 'diag'}",0.7016666666666667,0.6742755237567088,"{'algorithm': 'auto', 'leaf_size': 30, 'metric': 'chebyshev', 'metric_params': None, 'n_jobs': None, 'n_neighbors': np.int64(5), 'p': 2, 'weights': 'uniform'}",0.027535200119018555
Coffee,4,5,2,2,RandomForest,HMM_GMM,1,"{'n_components': 2, 'n_mix': 1, 'covariance_type': 'diag'}",0.6433333333333333,0.5992571358045133,"{'bootstrap': True, 'ccp_alpha': 0.0, 'class_weight': 'balanced', 'criterion': 'gini', 'max_depth': 10, 'max_features': 'sqrt', 'max_leaf_nodes': None, 'max_samples': None, 'min_impurity_decrease': 0.0, 'min_samples_leaf': 1, 'min_samples_split': 5, 'min_weight_fraction_leaf': 0.0, 'monotonic_cst': None, 'n_estimators': 50, 'n_jobs': None, 'oob_score': False, 'random_state': 42, 'verbose': 0, 'warm_start': False}",0.1658174991607666
Coffee,4,5,2,2,LinearSVC,HMM_GMM,1,"{'n_components': 2, 'n_mix': 1, 'covariance_type': 'diag'}",0.65,0.6370055065707241,"{'C': np.float64(33.59818286283781), 'class_weight': None, 'dual': False, 'fit_intercept': True, 'intercept_scaling': 1, 'loss': 'squared_hinge', 'max_iter': 100, 'multi_class': 'ovr', 'penalty': 'l1', 'random_state': 42, 'tol': 0.001, 'verbose': 0}",0.014521121978759766
Coffee,4,5,2,2,LogisticRegression,HMM_GMM,1,"{'n_components': 2, 'n_mix': 1, 'covariance_type': 'diag'}",0.6433333333333333,0.6281924524208823,"{'C': np.float64(33.59818286283781), 'class_weight': 'balanced', 'dual': False, 'fit_intercept': True, 'intercept_scaling': 1, 'l1_ratio': None, 'max_iter': 100, 'multi_class': 'deprecated', 'n_jobs': None, 'penalty': 'l1', 'random_state': 42, 'solver': 'saga', 'tol': 0.0001, 'verbose': 0, 'warm_start': False}",0.06891274452209473
Coffee,4,5,2,2,KNN,HMM_GMM,2,"{'n_components': 2, 'n_mix': 4, 'covariance_type': 'tied'}",0.7033333333333334,0.6766523526435676,"{'algorithm': 'auto', 'leaf_size': 30, 'metric': 'chebyshev', 'metric_params': None, 'n_jobs': None, 'n_neighbors': np.int64(5), 'p': 2, 'weights': 'uniform'}",0.032465457916259766
Coffee,4,5,2,2,RandomForest,HMM_GMM,2,"{'n_components': 2, 'n_mix': 4, 'covariance_type': 'tied'}",0.6366666666666667,0.6036506589437711,"{'bootstrap': True, 'ccp_alpha': 0.0, 'class_weight': 'balanced', 'criterion': 'gini', 'max_depth': 10, 'max_features': 'sqrt', 'max_leaf_nodes': None, 'max_samples': None, 'min_impurity_decrease': 0.0, 'min_samples_leaf': 1, 'min_samples_split': 5, 'min_weight_fraction_leaf': 0.0, 'monotonic_cst': None, 'n_estimators': 50, 'n_jobs': None, 'oob_score': False, 'random_state': 42, 'verbose': 0, 'warm_start': False}",0.16644644737243652
Coffee,4,5,2,2,LinearSVC,HMM_GMM,2,"{'n_components': 2, 'n_mix': 4, 'covariance_type': 'tied'}",0.6583333333333333,0.6523646219064112,"{'C': np.float64(33.59818286283781), 'class_weight': 'balanced', 'dual': False, 'fit_intercept': True, 'intercept_scaling': 1, 'loss': 'squared_hinge', 'max_iter': 100, 'multi_class': 'ovr', 'penalty': 'l1', 'random_state': 42, 'tol': 0.0001, 'verbose': 0}",0.02480912208557129
Coffee,4,5,2,2,LogisticRegression,HMM_GMM,2,"{'n_components': 2, 'n_mix': 4, 'covariance_type': 'tied'}",0.6283333333333333,0.6154581445017451,"{'C': np.float64(0.4832930238571752), 'class_weight': 'balanced', 'dual': False, 'fit_intercept': True, 'intercept_scaling': 1, 'l1_ratio': None, 'max_iter': 100, 'multi_class': 'deprecated', 'n_jobs': None, 'penalty': 'l2', 'random_state': 42, 'solver': 'lbfgs', 'tol': 0.0001, 'verbose': 0, 'warm_start': False}",0.041509389877319336
Coffee,4,5,2,2,KNN,HMM_GMM,3,"{'n_components': 1, 'n_mix': 3, 'covariance_type': 'diag'}",0.7183333333333334,0.6950619698207926,"{'algorithm': 'auto', 'leaf_size': 30, 'metric': 'chebyshev', 'metric_params': None, 'n_jobs': None, 'n_neighbors': np.int64(5), 'p': 2, 'weights': 'uniform'}",0.02661585807800293
Coffee,4,5,2,2,RandomForest,HMM_GMM,3,"{'n_components': 1, 'n_mix': 3, 'covariance_type': 'diag'}",0.63,0.5759186237008955,"{'bootstrap': True, 'ccp_alpha': 0.0, 'class_weight': 'balanced', 'criterion': 'gini', 'max_depth': 20, 'max_features': 'sqrt', 'max_leaf_nodes': None, 'max_samples': None, 'min_impurity_decrease': 0.0, 'min_samples_leaf': 2, 'min_samples_split': 10, 'min_weight_fraction_leaf': 0.0, 'monotonic_cst': None, 'n_estimators': 150, 'n_jobs': None, 'oob_score': False, 'random_state': 42, 'verbose': 0, 'warm_start': False}",0.48749685287475586
Coffee,4,5,2,2,LinearSVC,HMM_GMM,3,"{'n_components': 1, 'n_mix': 3, 'covariance_type': 'diag'}",0.6433333333333333,0.6281924524208823,"{'C': np.float64(0.4832930238571752), 'class_weight': None, 'dual': False, 'fit_intercept': True, 'intercept_scaling': 1, 'loss': 'squared_hinge', 'max_iter': 100, 'multi_class': 'ovr', 'penalty': 'l1', 'random_state': 42, 'tol': 0.0001, 'verbose': 0}",0.021104097366333008
Coffee,4,5,2,2,LogisticRegression,HMM_GMM,3,"{'n_components': 1, 'n_mix': 3, 'covariance_type': 'diag'}",0.645,0.6309805356908235,"{'C': np.float64(2.6366508987303554), 'class_weight': 'balanced', 'dual': False, 'fit_intercept': True, 'intercept_scaling': 1, 'l1_ratio': None, 'max_iter': 100, 'multi_class': 'deprecated', 'n_jobs': None, 'penalty': 'l1', 'random_state': 42, 'solver': 'saga', 'tol': 0.0001, 'verbose': 0, 'warm_start': False}",0.09028506278991699
Coffee,4,5,2,2,KNN,HMM_GMM,4,"{'n_components': 4, 'n_mix': 3, 'covariance_type': 'diag'}",0.6866666666666666,0.6527017077178889,"{'algorithm': 'auto', 'leaf_size': 30, 'metric': 'euclidean', 'metric_params': None, 'n_jobs': None, 'n_neighbors': np.int64(9), 'p': 2, 'weights': 'distance'}",0.009776830673217773
Coffee,4,5,2,2,RandomForest,HMM_GMM,4,"{'n_components': 4, 'n_mix': 3, 'covariance_type': 'diag'}",0.615,0.5843529411764706,"{'bootstrap': True, 'ccp_alpha': 0.0, 'class_weight': 'balanced', 'criterion': 'gini', 'max_depth': 20, 'max_features': 'sqrt', 'max_leaf_nodes': None, 'max_samples': None, 'min_impurity_decrease': 0.0, 'min_samples_leaf': 2, 'min_samples_split': 5, 'min_weight_fraction_leaf': 0.0, 'monotonic_cst': None, 'n_estimators': 50, 'n_jobs': None, 'oob_score': False, 'random_state': 42, 'verbose': 0, 'warm_start': False}",0.2018740177154541
Coffee,4,5,2,2,LinearSVC,HMM_GMM,4,"{'n_components': 4, 'n_mix': 3, 'covariance_type': 'diag'}",0.6166666666666667,0.600157952205913,"{'C': np.float64(33.59818286283781), 'class_weight': 'balanced', 'dual': False, 'fit_intercept': True, 'intercept_scaling': 1, 'loss': 'squared_hinge', 'max_iter': 100, 'multi_class': 'ovr', 'penalty': 'l1', 'random_state': 42, 'tol': 0.0001, 'verbose': 0}",0.0226898193359375
Coffee,4,5,2,2,LogisticRegression,HMM_GMM,4,"{'n_components': 4, 'n_mix': 3, 'covariance_type': 'diag'}",0.595,0.580584945065576,"{'C': np.float64(0.4832930238571752), 'class_weight': 'balanced', 'dual': False, 'fit_intercept': True, 'intercept_scaling': 1, 'l1_ratio': None, 'max_iter': 100, 'multi_class': 'deprecated', 'n_jobs': None, 'penalty': 'l2', 'random_state': 42, 'solver': 'lbfgs', 'tol': 0.0001, 'verbose': 0, 'warm_start': False}",0.0288698673248291
Coffee,4,5,2,2,KNN,HMM_GMM,5,"{'n_components': 1, 'n_mix': 1, 'covariance_type': 'tied'}",0.7,0.6856044331444724,"{'algorithm': 'auto', 'leaf_size': 30, 'metric': 'euclidean', 'metric_params': None, 'n_jobs': None, 'n_neighbors': np.int64(9), 'p': 2, 'weights': 'distance'}",0.008506298065185547
Coffee,4,5,2,2,RandomForest,HMM_GMM,5,"{'n_components': 1, 'n_mix': 1, 'covariance_type': 'tied'}",0.625,0.5970588235294118,"{'bootstrap': True, 'ccp_alpha': 0.0, 'class_weight': 'balanced', 'criterion': 'gini', 'max_depth': 10, 'max_features': 'sqrt', 'max_leaf_nodes': None, 'max_samples': None, 'min_impurity_decrease': 0.0, 'min_samples_leaf': 1, 'min_samples_split': 5, 'min_weight_fraction_leaf': 0.0, 'monotonic_cst': None, 'n_estimators': 50, 'n_jobs': None, 'oob_score': False, 'random_state': 42, 'verbose': 0, 'warm_start': False}",0.18480753898620605
Coffee,4,5,2,2,LinearSVC,HMM_GMM,5,"{'n_components': 1, 'n_mix': 1, 'covariance_type': 'tied'}",0.675,0.6709997097463597,"{'C': np.float64(2.6366508987303554), 'class_weight': 'balanced', 'dual': False, 'fit_intercept': True, 'intercept_scaling': 1, 'loss': 'squared_hinge', 'max_iter': 100, 'multi_class': 'ovr', 'penalty': 'l1', 'random_state': 42, 'tol': 0.0001, 'verbose': 0}",0.023845911026000977
Coffee,4,5,2,2,LogisticRegression,HMM_GMM,5,"{'n_components': 1, 'n_mix': 1, 'covariance_type': 'tied'}",0.6366666666666667,0.6259851368038502,"{'C': np.float64(33.59818286283781), 'class_weight': None, 'dual': False, 'fit_intercept': True, 'intercept_scaling': 1, 'l1_ratio': None, 'max_iter': 100, 'multi_class': 'deprecated', 'n_jobs': None, 'penalty': 'l2', 'random_state': 42, 'solver': 'saga', 'tol': 0.0001, 'verbose': 0, 'warm_start': False}",0.07686281204223633
Coffee,4,5,2,2,KNN,HMM_GMM,6,"{'n_components': 4, 'n_mix': 3, 'covariance_type': 'diag'}",0.6866666666666666,0.6527017077178889,"{'algorithm': 'auto', 'leaf_size': 30, 'metric': 'euclidean', 'metric_params': None, 'n_jobs': None, 'n_neighbors': np.int64(9), 'p': 2, 'weights': 'distance'}",0.009253978729248047
Coffee,4,5,2,2,RandomForest,HMM_GMM,6,"{'n_components': 4, 'n_mix': 3, 'covariance_type': 'diag'}",0.6133333333333333,0.5814671152285071,"{'bootstrap': True, 'ccp_alpha': 0.0, 'class_weight': 'balanced', 'criterion': 'gini', 'max_depth': 20, 'max_features': 'sqrt', 'max_leaf_nodes': None, 'max_samples': None, 'min_impurity_decrease': 0.0, 'min_samples_leaf': 2, 'min_samples_split': 5, 'min_weight_fraction_leaf': 0.0, 'monotonic_cst': None, 'n_estimators': 50, 'n_jobs': None, 'oob_score': False, 'random_state': 42, 'verbose': 0, 'warm_start': False}",0.15380358695983887
Coffee,4,5,2,2,LinearSVC,HMM_GMM,6,"{'n_components': 4, 'n_mix': 3, 'covariance_type': 'diag'}",0.6166666666666667,0.600157952205913,"{'C': np.float64(33.59818286283781), 'class_weight': 'balanced', 'dual': False, 'fit_intercept': True, 'intercept_scaling': 1, 'loss': 'squared_hinge', 'max_iter': 100, 'multi_class': 'ovr', 'penalty': 'l1', 'random_state': 42, 'tol': 0.0001, 'verbose': 0}",0.02234625816345215
Coffee,4,5,2,2,LogisticRegression,HMM_GMM,6,"{'n_components': 4, 'n_mix': 3, 'covariance_type': 'diag'}",0.595,0.580584945065576,"{'C': np.float64(0.4832930238571752), 'class_weight': 'balanced', 'dual': False, 'fit_intercept': True, 'intercept_scaling': 1, 'l1_ratio': None, 'max_iter': 100, 'multi_class': 'deprecated', 'n_jobs': None, 'penalty': 'l2', 'random_state': 42, 'solver': 'lbfgs', 'tol': 0.0001, 'verbose': 0, 'warm_start': False}",0.02858138084411621
Coffee,4,5,2,2,KNN,HMM_GMM,7,"{'n_components': 2, 'n_mix': 5, 'covariance_type': 'diag'}",0.7233333333333334,0.7010297547931956,"{'algorithm': 'auto', 'leaf_size': 30, 'metric': 'chebyshev', 'metric_params': None, 'n_jobs': None, 'n_neighbors': np.int64(5), 'p': 2, 'weights': 'uniform'}",0.024514198303222656
Coffee,4,5,2,2,RandomForest,HMM_GMM,7,"{'n_components': 2, 'n_mix': 5, 'covariance_type': 'diag'}",0.6266666666666667,0.5863808486357507,"{'bootstrap': True, 'ccp_alpha': 0.0, 'class_weight': 'balanced', 'criterion': 'gini', 'max_depth': None, 'max_features': 'sqrt', 'max_leaf_nodes': None, 'max_samples': None, 'min_impurity_decrease': 0.0, 'min_samples_leaf': 2, 'min_samples_split': 2, 'min_weight_fraction_leaf': 0.0, 'monotonic_cst': None, 'n_estimators': 150, 'n_jobs': None, 'oob_score': False, 'random_state': 42, 'verbose': 0, 'warm_start': False}",0.4743185043334961
Coffee,4,5,2,2,LinearSVC,HMM_GMM,7,"{'n_components': 2, 'n_mix': 5, 'covariance_type': 'diag'}",0.6383333333333333,0.6186802558858003,"{'C': np.float64(183.29807108324337), 'class_weight': None, 'dual': False, 'fit_intercept': True, 'intercept_scaling': 1, 'loss': 'squared_hinge', 'max_iter': 100, 'multi_class': 'ovr', 'penalty': 'l1', 'random_state': 42, 'tol': 0.001, 'verbose': 0}",0.022777795791625977
Coffee,4,5,2,2,LogisticRegression,HMM_GMM,7,"{'n_components': 2, 'n_mix': 5, 'covariance_type': 'diag'}",0.6366666666666667,0.6158720971265368,"{'C': np.float64(183.29807108324337), 'class_weight': 'balanced', 'dual': False, 'fit_intercept': True, 'intercept_scaling': 1, 'l1_ratio': None, 'max_iter': 100, 'multi_class': 'deprecated', 'n_jobs': None, 'penalty': 'l1', 'random_state': 42, 'solver': 'saga', 'tol': 0.0001, 'verbose': 0, 'warm_start': False}",0.10009574890136719
Coffee,4,5,2,2,KNN,HMM_GMM,8,"{'n_components': 1, 'n_mix': 3, 'covariance_type': 'full'}",0.7283333333333334,0.7075050842041601,"{'algorithm': 'auto', 'leaf_size': 30, 'metric': 'euclidean', 'metric_params': None, 'n_jobs': None, 'n_neighbors': np.int64(9), 'p': 2, 'weights': 'distance'}",0.009917736053466797
Coffee,4,5,2,2,RandomForest,HMM_GMM,8,"{'n_components': 1, 'n_mix': 3, 'covariance_type': 'full'}",0.66,0.6608244157749109,"{'bootstrap': True, 'ccp_alpha': 0.0, 'class_weight': None, 'criterion': 'gini', 'max_depth': None, 'max_features': 'sqrt', 'max_leaf_nodes': None, 'max_samples': None, 'min_impurity_decrease': 0.0, 'min_samples_leaf': 4, 'min_samples_split': 2, 'min_weight_fraction_leaf': 0.0, 'monotonic_cst': None, 'n_estimators': 50, 'n_jobs': None, 'oob_score': False, 'random_state': 42, 'verbose': 0, 'warm_start': False}",0.1691303253173828
Coffee,4,5,2,2,LinearSVC,HMM_GMM,8,"{'n_components': 1, 'n_mix': 3, 'covariance_type': 'full'}",0.665,0.6599569804740487,"{'C': np.float64(183.29807108324337), 'class_weight': None, 'dual': False, 'fit_intercept': True, 'intercept_scaling': 1, 'loss': 'squared_hinge', 'max_iter': 100, 'multi_class': 'ovr', 'penalty': 'l1', 'random_state': 42, 'tol': 0.001, 'verbose': 0}",0.023990631103515625
Coffee,4,5,2,2,LogisticRegression,HMM_GMM,8,"{'n_components': 1, 'n_mix': 3, 'covariance_type': 'full'}",0.6283333333333333,0.6238512219540585,"{'C': np.float64(33.59818286283781), 'class_weight': None, 'dual': False, 'fit_intercept': True, 'intercept_scaling': 1, 'l1_ratio': None, 'max_iter': 100, 'multi_class': 'deprecated', 'n_jobs': None, 'penalty': 'l2', 'random_state': 42, 'solver': 'saga', 'tol': 0.0001, 'verbose': 0, 'warm_start': False}",0.07662820816040039
Coffee,4,5,2,2,KNN,HMM_GMM,9,"{'n_components': 5, 'n_mix': 1, 'covariance_type': 'diag'}",0.7316666666666667,0.7108471757645518,"{'algorithm': 'auto', 'leaf_size': 30, 'metric': 'chebyshev', 'metric_params': None, 'n_jobs': None, 'n_neighbors': np.int64(5), 'p': 2, 'weights': 'uniform'}",0.03381943702697754
Coffee,4,5,2,2,RandomForest,HMM_GMM,9,"{'n_components': 5, 'n_mix': 1, 'covariance_type': 'diag'}",0.63,0.576793485175103,"{'bootstrap': True, 'ccp_alpha': 0.0, 'class_weight': 'balanced', 'criterion': 'gini', 'max_depth': None, 'max_features': 'sqrt', 'max_leaf_nodes': None, 'max_samples': None, 'min_impurity_decrease': 0.0, 'min_samples_leaf': 1, 'min_samples_split': 2, 'min_weight_fraction_leaf': 0.0, 'monotonic_cst': None, 'n_estimators': 50, 'n_jobs': None, 'oob_score': False, 'random_state': 42, 'verbose': 0, 'warm_start': False}",0.20745301246643066
Coffee,4,5,2,2,LinearSVC,HMM_GMM,9,"{'n_components': 5, 'n_mix': 1, 'covariance_type': 'diag'}",0.6866666666666666,0.6814361244890461,"{'C': np.float64(0.2069138081114788), 'class_weight': 'balanced', 'dual': False, 'fit_intercept': True, 'intercept_scaling': 1, 'loss': 'squared_hinge', 'max_iter': 100, 'multi_class': 'ovr', 'penalty': 'l2', 'random_state': 42, 'tol': 0.001, 'verbose': 0}",0.009521007537841797
Coffee,4,5,2,2,LogisticRegression,HMM_GMM,9,"{'n_components': 5, 'n_mix': 1, 'covariance_type': 'diag'}",0.65,0.6353310774750722,"{'C': np.float64(33.59818286283781), 'class_weight': 'balanced', 'dual': False, 'fit_intercept': True, 'intercept_scaling': 1, 'l1_ratio': None, 'max_iter': 100, 'multi_class': 'deprecated', 'n_jobs': None, 'penalty': 'l2', 'random_state': 42, 'solver': 'saga', 'tol': 0.0001, 'verbose': 0, 'warm_start': False}",0.09722042083740234
Coffee,4,5,2,2,KNN,HMM_GMM,10,"{'n_components': 3, 'n_mix': 5, 'covariance_type': 'diag'}",0.71,0.6865762756891456,"{'algorithm': 'auto', 'leaf_size': 30, 'metric': 'euclidean', 'metric_params': None, 'n_jobs': None, 'n_neighbors': np.int64(9), 'p': 2, 'weights': 'distance'}",0.011924505233764648
Coffee,4,5,2,2,RandomForest,HMM_GMM,10,"{'n_components': 3, 'n_mix': 5, 'covariance_type': 'diag'}",0.625,0.5653147278183683,"{'bootstrap': True, 'ccp_alpha': 0.0, 'class_weight': 'balanced', 'criterion': 'gini', 'max_depth': 10, 'max_features': 'sqrt', 'max_leaf_nodes': None, 'max_samples': None, 'min_impurity_decrease': 0.0, 'min_samples_leaf': 1, 'min_samples_split': 5, 'min_weight_fraction_leaf': 0.0, 'monotonic_cst': None, 'n_estimators': 50, 'n_jobs': None, 'oob_score': False, 'random_state': 42, 'verbose': 0, 'warm_start': False}",0.19111418724060059
Coffee,4,5,2,2,LinearSVC,HMM_GMM,10,"{'n_components': 3, 'n_mix': 5, 'covariance_type': 'diag'}",0.7333333333333333,0.7384573315664374,"{'C': np.float64(33.59818286283781), 'class_weight': None, 'dual': False, 'fit_intercept': True, 'intercept_scaling': 1, 'loss': 'squared_hinge', 'max_iter': 100, 'multi_class': 'ovr', 'penalty': 'l1', 'random_state': 42, 'tol': 0.001, 'verbose': 0}",0.026243209838867188
Coffee,4,5,2,2,LogisticRegression,HMM_GMM,10,"{'n_components': 3, 'n_mix': 5, 'covariance_type': 'diag'}",0.7016666666666667,0.704641318959008,"{'C': np.float64(33.59818286283781), 'class_weight': None, 'dual': False, 'fit_intercept': True, 'intercept_scaling': 1, 'l1_ratio': None, 'max_iter': 100, 'multi_class': 'deprecated', 'n_jobs': None, 'penalty': 'l2', 'random_state': 42, 'solver': 'saga', 'tol': 0.0001, 'verbose': 0, 'warm_start': False}",0.09090566635131836
Coffee,4,5,2,3,KNN,HMM_GMM,1,"{'n_components': 2, 'n_mix': 1, 'covariance_type': 'diag'}",0.6966666666666667,0.666750992006577,"{'algorithm': 'auto', 'leaf_size': 30, 'metric': 'euclidean', 'metric_params': None, 'n_jobs': None, 'n_neighbors': np.int64(9), 'p': 2, 'weights': 'distance'}",0.017022371292114258
Coffee,4,5,2,3,RandomForest,HMM_GMM,1,"{'n_components': 2, 'n_mix': 1, 'covariance_type': 'diag'}",0.6433333333333333,0.5969889446896597,"{'bootstrap': True, 'ccp_alpha': 0.0, 'class_weight': 'balanced', 'criterion': 'gini', 'max_depth': 30, 'max_features': 'sqrt', 'max_leaf_nodes': None, 'max_samples': None, 'min_impurity_decrease': 0.0, 'min_samples_leaf': 1, 'min_samples_split': 2, 'min_weight_fraction_leaf': 0.0, 'monotonic_cst': None, 'n_estimators': 150, 'n_jobs': None, 'oob_score': False, 'random_state': 42, 'verbose': 0, 'warm_start': False}",0.7365126609802246
Coffee,4,5,2,3,LinearSVC,HMM_GMM,1,"{'n_components': 2, 'n_mix': 1, 'covariance_type': 'diag'}",0.6566666666666666,0.6456738854348969,"{'C': np.float64(2.6366508987303554), 'class_weight': 'balanced', 'dual': False, 'fit_intercept': True, 'intercept_scaling': 1, 'loss': 'squared_hinge', 'max_iter': 100, 'multi_class': 'ovr', 'penalty': 'l1', 'random_state': 42, 'tol': 0.0001, 'verbose': 0}",0.028199195861816406
Coffee,4,5,2,3,LogisticRegression,HMM_GMM,1,"{'n_components': 2, 'n_mix': 1, 'covariance_type': 'diag'}",0.6433333333333333,0.6281924524208823,"{'C': np.float64(33.59818286283781), 'class_weight': 'balanced', 'dual': False, 'fit_intercept': True, 'intercept_scaling': 1, 'l1_ratio': None, 'max_iter': 100, 'multi_class': 'deprecated', 'n_jobs': None, 'penalty': 'l1', 'random_state': 42, 'solver': 'saga', 'tol': 0.0001, 'verbose': 0, 'warm_start': False}",0.06415605545043945
Coffee,4,5,2,3,KNN,HMM_GMM,2,"{'n_components': 2, 'n_mix': 4, 'covariance_type': 'tied'}",0.71,0.6851149284138329,"{'algorithm': 'auto', 'leaf_size': 30, 'metric': 'euclidean', 'metric_params': None, 'n_jobs': None, 'n_neighbors': np.int64(9), 'p': 2, 'weights': 'distance'}",0.011349201202392578
Coffee,4,5,2,3,RandomForest,HMM_GMM,2,"{'n_components': 2, 'n_mix': 4, 'covariance_type': 'tied'}",0.645,0.6047340712183393,"{'bootstrap': True, 'ccp_alpha': 0.0, 'class_weight': 'balanced', 'criterion': 'gini', 'max_depth': None, 'max_features': 'sqrt', 'max_leaf_nodes': None, 'max_samples': None, 'min_impurity_decrease': 0.0, 'min_samples_leaf': 1, 'min_samples_split': 2, 'min_weight_fraction_leaf': 0.0, 'monotonic_cst': None, 'n_estimators': 50, 'n_jobs': None, 'oob_score': False, 'random_state': 42, 'verbose': 0, 'warm_start': False}",0.18387699127197266
Coffee,4,5,2,3,LinearSVC,HMM_GMM,2,"{'n_components': 2, 'n_mix': 4, 'covariance_type': 'tied'}",0.6483333333333333,0.6417702771319885,"{'C': np.float64(183.29807108324337), 'class_weight': None, 'dual': False, 'fit_intercept': True, 'intercept_scaling': 1, 'loss': 'squared_hinge', 'max_iter': 100, 'multi_class': 'ovr', 'penalty': 'l1', 'random_state': 42, 'tol': 0.001, 'verbose': 0}",0.042227745056152344
Coffee,4,5,2,3,LogisticRegression,HMM_GMM,2,"{'n_components': 2, 'n_mix': 4, 'covariance_type': 'tied'}",0.6316666666666667,0.6209594081333741,"{'C': np.float64(33.59818286283781), 'class_weight': 'balanced', 'dual': False, 'fit_intercept': True, 'intercept_scaling': 1, 'l1_ratio': None, 'max_iter': 100, 'multi_class': 'deprecated', 'n_jobs': None, 'penalty': 'l1', 'random_state': 42, 'solver': 'saga', 'tol': 0.0001, 'verbose': 0, 'warm_start': False}",0.1497189998626709
Coffee,4,5,2,3,KNN,HMM_GMM,3,"{'n_components': 1, 'n_mix': 3, 'covariance_type': 'diag'}",0.7183333333333334,0.6950619698207926,"{'algorithm': 'auto', 'leaf_size': 30, 'metric': 'chebyshev', 'metric_params': None, 'n_jobs': None, 'n_neighbors': np.int64(5), 'p': 2, 'weights': 'uniform'}",0.02779221534729004
Coffee,4,5,2,3,RandomForest,HMM_GMM,3,"{'n_components': 1, 'n_mix': 3, 'covariance_type': 'diag'}",0.65,0.6051514356935489,"{'bootstrap': True, 'ccp_alpha': 0.0, 'class_weight': 'balanced', 'criterion': 'gini', 'max_depth': 20, 'max_features': 'sqrt', 'max_leaf_nodes': None, 'max_samples': None, 'min_impurity_decrease': 0.0, 'min_samples_leaf': 1, 'min_samples_split': 2, 'min_weight_fraction_leaf': 0.0, 'monotonic_cst': None, 'n_estimators': 50, 'n_jobs': None, 'oob_score': False, 'random_state': 42, 'verbose': 0, 'warm_start': False}",0.19581365585327148
Coffee,4,5,2,3,LinearSVC,HMM_GMM,3,"{'n_components': 1, 'n_mix': 3, 'covariance_type': 'diag'}",0.6433333333333333,0.6281924524208823,"{'C': np.float64(0.4832930238571752), 'class_weight': None, 'dual': False, 'fit_intercept': True, 'intercept_scaling': 1, 'loss': 'squared_hinge', 'max_iter': 100, 'multi_class': 'ovr', 'penalty': 'l1', 'random_state': 42, 'tol': 0.0001, 'verbose': 0}",0.030617952346801758
Coffee,4,5,2,3,LogisticRegression,HMM_GMM,3,"{'n_components': 1, 'n_mix': 3, 'covariance_type': 'diag'}",0.645,0.6309805356908235,"{'C': np.float64(33.59818286283781), 'class_weight': 'balanced', 'dual': False, 'fit_intercept': True, 'intercept_scaling': 1, 'l1_ratio': None, 'max_iter': 100, 'multi_class': 'deprecated', 'n_jobs': None, 'penalty': 'l1', 'random_state': 42, 'solver': 'saga', 'tol': 0.0001, 'verbose': 0, 'warm_start': False}",0.15468978881835938
Coffee,4,5,2,3,KNN,HMM_GMM,4,"{'n_components': 4, 'n_mix': 3, 'covariance_type': 'diag'}",0.6783333333333333,0.6414096414096414,"{'algorithm': 'auto', 'leaf_size': 30, 'metric': 'minkowski', 'metric_params': None, 'n_jobs': None, 'n_neighbors': np.int64(13), 'p': 4, 'weights': 'distance'}",0.037123918533325195
Coffee,4,5,2,3,RandomForest,HMM_GMM,4,"{'n_components': 4, 'n_mix': 3, 'covariance_type': 'diag'}",0.6166666666666667,0.5872306971765021,"{'bootstrap': True, 'ccp_alpha': 0.0, 'class_weight': 'balanced', 'criterion': 'gini', 'max_depth': 20, 'max_features': 'sqrt', 'max_leaf_nodes': None, 'max_samples': None, 'min_impurity_decrease': 0.0, 'min_samples_leaf': 1, 'min_samples_split': 2, 'min_weight_fraction_leaf': 0.0, 'monotonic_cst': None, 'n_estimators': 50, 'n_jobs': None, 'oob_score': False, 'random_state': 42, 'verbose': 0, 'warm_start': False}",0.18014097213745117
Coffee,4,5,2,3,LinearSVC,HMM_GMM,4,"{'n_components': 4, 'n_mix': 3, 'covariance_type': 'diag'}",0.6666666666666666,0.6516215548760708,"{'C': np.float64(0.2069138081114788), 'class_weight': 'balanced', 'dual': False, 'fit_intercept': False, 'intercept_scaling': 1, 'loss': 'squared_hinge', 'max_iter': 100, 'multi_class': 'ovr', 'penalty': 'l2', 'random_state': 42, 'tol': 0.0001, 'verbose': 0}",0.010341167449951172
Coffee,4,5,2,3,LogisticRegression,HMM_GMM,4,"{'n_components': 4, 'n_mix': 3, 'covariance_type': 'diag'}",0.5383333333333333,0.5223398692810457,"{'C': np.float64(2.6366508987303554), 'class_weight': 'balanced', 'dual': False, 'fit_intercept': True, 'intercept_scaling': 1, 'l1_ratio': None, 'max_iter': 100, 'multi_class': 'deprecated', 'n_jobs': None, 'penalty': 'l1', 'random_state': 42, 'solver': 'saga', 'tol': 0.0001, 'verbose': 0, 'warm_start': False}",0.13839030265808105
Coffee,4,5,2,3,KNN,HMM_GMM,5,"{'n_components': 1, 'n_mix': 1, 'covariance_type': 'tied'}",0.6916666666666667,0.6784298150515894,"{'algorithm': 'auto', 'leaf_size': 30, 'metric': 'minkowski', 'metric_params': None, 'n_jobs': None, 'n_neighbors': np.int64(13), 'p': 4, 'weights': 'distance'}",0.03150010108947754
Coffee,4,5,2,3,RandomForest,HMM_GMM,5,"{'n_components': 1, 'n_mix': 1, 'covariance_type': 'tied'}",0.6333333333333333,0.6113199665831244,"{'bootstrap': True, 'ccp_alpha': 0.0, 'class_weight': 'balanced', 'criterion': 'gini', 'max_depth': 30, 'max_features': 'sqrt', 'max_leaf_nodes': None, 'max_samples': None, 'min_impurity_decrease': 0.0, 'min_samples_leaf': 1, 'min_samples_split': 2, 'min_weight_fraction_leaf': 0.0, 'monotonic_cst': None, 'n_estimators': 150, 'n_jobs': None, 'oob_score': False, 'random_state': 42, 'verbose': 0, 'warm_start': False}",0.815216064453125
Coffee,4,5,2,3,LinearSVC,HMM_GMM,5,"{'n_components': 1, 'n_mix': 1, 'covariance_type': 'tied'}",0.6783333333333333,0.6749841516002921,"{'C': np.float64(33.59818286283781), 'class_weight': None, 'dual': False, 'fit_intercept': True, 'intercept_scaling': 1, 'loss': 'squared_hinge', 'max_iter': 100, 'multi_class': 'ovr', 'penalty': 'l1', 'random_state': 42, 'tol': 0.001, 'verbose': 0}",0.033571720123291016
Coffee,4,5,2,3,LogisticRegression,HMM_GMM,5,"{'n_components': 1, 'n_mix': 1, 'covariance_type': 'tied'}",0.6383333333333333,0.6294401352459043,"{'C': np.float64(1000.0), 'class_weight': 'balanced', 'dual': False, 'fit_intercept': True, 'intercept_scaling': 1, 'l1_ratio': None, 'max_iter': 100, 'multi_class': 'deprecated', 'n_jobs': None, 'penalty': 'l2', 'random_state': 42, 'solver': 'sag', 'tol': 0.0001, 'verbose': 0, 'warm_start': False}",0.09802794456481934
Coffee,4,5,2,3,KNN,HMM_GMM,6,"{'n_components': 4, 'n_mix': 3, 'covariance_type': 'diag'}",0.6783333333333333,0.6414096414096414,"{'algorithm': 'auto', 'leaf_size': 30, 'metric': 'minkowski', 'metric_params': None, 'n_jobs': None, 'n_neighbors': np.int64(13), 'p': 4, 'weights': 'distance'}",0.03548073768615723
Coffee,4,5,2,3,RandomForest,HMM_GMM,6,"{'n_components': 4, 'n_mix': 3, 'covariance_type': 'diag'}",0.615,0.5843529411764706,"{'bootstrap': True, 'ccp_alpha': 0.0, 'class_weight': 'balanced', 'criterion': 'gini', 'max_depth': 20, 'max_features': 'sqrt', 'max_leaf_nodes': None, 'max_samples': None, 'min_impurity_decrease': 0.0, 'min_samples_leaf': 1, 'min_samples_split': 2, 'min_weight_fraction_leaf': 0.0, 'monotonic_cst': None, 'n_estimators': 50, 'n_jobs': None, 'oob_score': False, 'random_state': 42, 'verbose': 0, 'warm_start': False}",0.20035290718078613
Coffee,4,5,2,3,LinearSVC,HMM_GMM,6,"{'n_components': 4, 'n_mix': 3, 'covariance_type': 'diag'}",0.6666666666666666,0.6516215548760708,"{'C': np.float64(0.2069138081114788), 'class_weight': 'balanced', 'dual': False, 'fit_intercept': False, 'intercept_scaling': 1, 'loss': 'squared_hinge', 'max_iter': 100, 'multi_class': 'ovr', 'penalty': 'l2', 'random_state': 42, 'tol': 0.0001, 'verbose': 0}",0.010183095932006836
Coffee,4,5,2,3,LogisticRegression,HMM_GMM,6,"{'n_components': 4, 'n_mix': 3, 'covariance_type': 'diag'}",0.5383333333333333,0.5223398692810457,"{'C': np.float64(2.6366508987303554), 'class_weight': 'balanced', 'dual': False, 'fit_intercept': True, 'intercept_scaling': 1, 'l1_ratio': None, 'max_iter': 100, 'multi_class': 'deprecated', 'n_jobs': None, 'penalty': 'l1', 'random_state': 42, 'solver': 'saga', 'tol': 0.0001, 'verbose': 0, 'warm_start': False}",0.1761162281036377
Coffee,4,5,2,3,KNN,HMM_GMM,7,"{'n_components': 2, 'n_mix': 5, 'covariance_type': 'diag'}",0.7233333333333334,0.7010297547931956,"{'algorithm': 'auto', 'leaf_size': 30, 'metric': 'chebyshev', 'metric_params': None, 'n_jobs': None, 'n_neighbors': np.int64(5), 'p': 2, 'weights': 'uniform'}",0.026521682739257812
Coffee,4,5,2,3,RandomForest,HMM_GMM,7,"{'n_components': 2, 'n_mix': 5, 'covariance_type': 'diag'}",0.645,0.6154170951080854,"{'bootstrap': True, 'ccp_alpha': 0.0, 'class_weight': 'balanced', 'criterion': 'gini', 'max_depth': 30, 'max_features': 'sqrt', 'max_leaf_nodes': None, 'max_samples': None, 'min_impurity_decrease': 0.0, 'min_samples_leaf': 1, 'min_samples_split': 2, 'min_weight_fraction_leaf': 0.0, 'monotonic_cst': None, 'n_estimators': 150, 'n_jobs': None, 'oob_score': False, 'random_state': 42, 'verbose': 0, 'warm_start': False}",0.6508243083953857
Coffee,4,5,2,3,LinearSVC,HMM_GMM,7,"{'n_components': 2, 'n_mix': 5, 'covariance_type': 'diag'}",0.6383333333333333,0.6186802558858003,"{'C': np.float64(33.59818286283781), 'class_weight': 'balanced', 'dual': False, 'fit_intercept': True, 'intercept_scaling': 1, 'loss': 'squared_hinge', 'max_iter': 100, 'multi_class': 'ovr', 'penalty': 'l1', 'random_state': 42, 'tol': 0.0001, 'verbose': 0}",0.04361677169799805
Coffee,4,5,2,3,LogisticRegression,HMM_GMM,7,"{'n_components': 2, 'n_mix': 5, 'covariance_type': 'diag'}",0.6366666666666667,0.6142566973650065,"{'C': np.float64(33.59818286283781), 'class_weight': 'balanced', 'dual': False, 'fit_intercept': True, 'intercept_scaling': 1, 'l1_ratio': None, 'max_iter': 100, 'multi_class': 'deprecated', 'n_jobs': None, 'penalty': 'l1', 'random_state': 42, 'solver': 'saga', 'tol': 0.0001, 'verbose': 0, 'warm_start': False}",0.16971302032470703
Coffee,4,5,2,3,KNN,HMM_GMM,8,"{'n_components': 1, 'n_mix': 3, 'covariance_type': 'full'}",0.7283333333333334,0.7075050842041601,"{'algorithm': 'auto', 'leaf_size': 30, 'metric': 'euclidean', 'metric_params': None, 'n_jobs': None, 'n_neighbors': np.int64(9), 'p': 2, 'weights': 'distance'}",0.013515233993530273
Coffee,4,5,2,3,RandomForest,HMM_GMM,8,"{'n_components': 1, 'n_mix': 3, 'covariance_type': 'full'}",0.665,0.6639557122232014,"{'bootstrap': True, 'ccp_alpha': 0.0, 'class_weight': 'balanced', 'criterion': 'gini', 'max_depth': 30, 'max_features': 'sqrt', 'max_leaf_nodes': None, 'max_samples': None, 'min_impurity_decrease': 0.0, 'min_samples_leaf': 1, 'min_samples_split': 2, 'min_weight_fraction_leaf': 0.0, 'monotonic_cst': None, 'n_estimators': 150, 'n_jobs': None, 'oob_score': False, 'random_state': 42, 'verbose': 0, 'warm_start': False}",0.609677791595459
Coffee,4,5,2,3,LinearSVC,HMM_GMM,8,"{'n_components': 1, 'n_mix': 3, 'covariance_type': 'full'}",0.6633333333333333,0.6584777489333715,"{'C': np.float64(33.59818286283781), 'class_weight': 'balanced', 'dual': False, 'fit_intercept': True, 'intercept_scaling': 1, 'loss': 'squared_hinge', 'max_iter': 100, 'multi_class': 'ovr', 'penalty': 'l1', 'random_state': 42, 'tol': 0.001, 'verbose': 0}",0.03473806381225586
Coffee,4,5,2,3,LogisticRegression,HMM_GMM,8,"{'n_components': 1, 'n_mix': 3, 'covariance_type': 'full'}",0.6083333333333333,0.6096143166132507,"{'C': np.float64(33.59818286283781), 'class_weight': 'balanced', 'dual': False, 'fit_intercept': True, 'intercept_scaling': 1, 'l1_ratio': None, 'max_iter': 100, 'multi_class': 'deprecated', 'n_jobs': None, 'penalty': 'l1', 'random_state': 42, 'solver': 'saga', 'tol': 0.0001, 'verbose': 0, 'warm_start': False}",0.1475217342376709
Coffee,4,5,2,3,KNN,HMM_GMM,9,"{'n_components': 5, 'n_mix': 1, 'covariance_type': 'diag'}",0.7316666666666667,0.7108471757645518,"{'algorithm': 'auto', 'leaf_size': 30, 'metric': 'chebyshev', 'metric_params': None, 'n_jobs': None, 'n_neighbors': np.int64(5), 'p': 2, 'weights': 'uniform'}",0.03310990333557129
Coffee,4,5,2,3,RandomForest,HMM_GMM,9,"{'n_components': 5, 'n_mix': 1, 'covariance_type': 'diag'}",0.615,0.5542547665100858,"{'bootstrap': True, 'ccp_alpha': 0.0, 'class_weight': 'balanced', 'criterion': 'gini', 'max_depth': 20, 'max_features': 'sqrt', 'max_leaf_nodes': None, 'max_samples': None, 'min_impurity_decrease': 0.0, 'min_samples_leaf': 1, 'min_samples_split': 2, 'min_weight_fraction_leaf': 0.0, 'monotonic_cst': None, 'n_estimators': 50, 'n_jobs': None, 'oob_score': False, 'random_state': 42, 'verbose': 0, 'warm_start': False}",0.22524571418762207
Coffee,4,5,2,3,LinearSVC,HMM_GMM,9,"{'n_components': 5, 'n_mix': 1, 'covariance_type': 'diag'}",0.81,0.8165584068549129,"{'C': np.float64(0.2069138081114788), 'class_weight': None, 'dual': False, 'fit_intercept': False, 'intercept_scaling': 1, 'loss': 'squared_hinge', 'max_iter': 100, 'multi_class': 'ovr', 'penalty': 'l2', 'random_state': 42, 'tol': 0.001, 'verbose': 0}",0.009677648544311523
Coffee,4,5,2,3,LogisticRegression,HMM_GMM,9,"{'n_components': 5, 'n_mix': 1, 'covariance_type': 'diag'}",0.6516666666666666,0.6364246376759424,"{'C': np.float64(2.6366508987303554), 'class_weight': 'balanced', 'dual': False, 'fit_intercept': True, 'intercept_scaling': 1, 'l1_ratio': None, 'max_iter': 100, 'multi_class': 'deprecated', 'n_jobs': None, 'penalty': 'l1', 'random_state': 42, 'solver': 'saga', 'tol': 0.0001, 'verbose': 0, 'warm_start': False}",0.1736619472503662
Coffee,4,5,2,3,KNN,HMM_GMM,10,"{'n_components': 3, 'n_mix': 5, 'covariance_type': 'diag'}",0.7216666666666667,0.702432488146774,"{'algorithm': 'auto', 'leaf_size': 30, 'metric': 'chebyshev', 'metric_params': None, 'n_jobs': None, 'n_neighbors': np.int64(5), 'p': 2, 'weights': 'uniform'}",0.028566837310791016
Coffee,4,5,2,3,RandomForest,HMM_GMM,10,"{'n_components': 3, 'n_mix': 5, 'covariance_type': 'diag'}",0.6466666666666666,0.6005454675308444,"{'bootstrap': True, 'ccp_alpha': 0.0, 'class_weight': None, 'criterion': 'gini', 'max_depth': 20, 'max_features': 'sqrt', 'max_leaf_nodes': None, 'max_samples': None, 'min_impurity_decrease': 0.0, 'min_samples_leaf': 1, 'min_samples_split': 2, 'min_weight_fraction_leaf': 0.0, 'monotonic_cst': None, 'n_estimators': 100, 'n_jobs': None, 'oob_score': False, 'random_state': 42, 'verbose': 0, 'warm_start': False}",0.4299352169036865
Coffee,4,5,2,3,LinearSVC,HMM_GMM,10,"{'n_components': 3, 'n_mix': 5, 'covariance_type': 'diag'}",0.72,0.725683751177009,"{'C': np.float64(33.59818286283781), 'class_weight': 'balanced', 'dual': False, 'fit_intercept': True, 'intercept_scaling': 1, 'loss': 'squared_hinge', 'max_iter': 100, 'multi_class': 'ovr', 'penalty': 'l1', 'random_state': 42, 'tol': 0.0001, 'verbose': 0}",0.03071737289428711
Coffee,4,5,2,3,LogisticRegression,HMM_GMM,10,"{'n_components': 3, 'n_mix': 5, 'covariance_type': 'diag'}",0.7116666666666667,0.716175935631154,"{'C': np.float64(183.29807108324337), 'class_weight': None, 'dual': False, 'fit_intercept': True, 'intercept_scaling': 1, 'l1_ratio': None, 'max_iter': 100, 'multi_class': 'deprecated', 'n_jobs': None, 'penalty': 'l2', 'random_state': 42, 'solver': 'saga', 'tol': 0.0001, 'verbose': 0, 'warm_start': False}",0.09787106513977051
Coffee,4,5,2,5,KNN,HMM_GMM,1,"{'n_components': 2, 'n_mix': 1, 'covariance_type': 'diag'}",0.6983333333333334,0.6688088960395469,"{'algorithm': 'auto', 'leaf_size': 30, 'metric': 'minkowski', 'metric_params': None, 'n_jobs': None, 'n_neighbors': np.int64(13), 'p': 4, 'weights': 'distance'}",0.0721137523651123
Coffee,4,5,2,5,RandomForest,HMM_GMM,1,"{'n_components': 2, 'n_mix': 1, 'covariance_type': 'diag'}",0.6416666666666667,0.5970851006607965,"{'bootstrap': True, 'ccp_alpha': 0.0, 'class_weight': 'balanced', 'criterion': 'gini', 'max_depth': None, 'max_features': 'sqrt', 'max_leaf_nodes': None, 'max_samples': None, 'min_impurity_decrease': 0.0, 'min_samples_leaf': 2, 'min_samples_split': 20, 'min_weight_fraction_leaf': 0.0, 'monotonic_cst': None, 'n_estimators': 150, 'n_jobs': None, 'oob_score': False, 'random_state': 42, 'verbose': 0, 'warm_start': False}",0.6882369518280029
Coffee,4,5,2,5,LinearSVC,HMM_GMM,1,"{'n_components': 2, 'n_mix': 1, 'covariance_type': 'diag'}",0.665,0.6579730968973642,"{'C': np.float64(33.59818286283781), 'class_weight': None, 'dual': False, 'fit_intercept': True, 'intercept_scaling': 1, 'loss': 'squared_hinge', 'max_iter': 100, 'multi_class': 'ovr', 'penalty': 'l1', 'random_state': 42, 'tol': 0.001, 'verbose': 0}",0.026773691177368164
Coffee,4,5,2,5,LogisticRegression,HMM_GMM,1,"{'n_components': 2, 'n_mix': 1, 'covariance_type': 'diag'}",0.6433333333333333,0.6281924524208823,"{'C': np.float64(33.59818286283781), 'class_weight': None, 'dual': False, 'fit_intercept': True, 'intercept_scaling': 1, 'l1_ratio': None, 'max_iter': 100, 'multi_class': 'deprecated', 'n_jobs': None, 'penalty': 'l2', 'random_state': 42, 'solver': 'saga', 'tol': 0.0001, 'verbose': 0, 'warm_start': False}",0.051598548889160156
Coffee,4,5,2,5,KNN,HMM_GMM,2,"{'n_components': 2, 'n_mix': 4, 'covariance_type': 'tied'}",0.705,0.6790330039644297,"{'algorithm': 'auto', 'leaf_size': 30, 'metric': 'euclidean', 'metric_params': None, 'n_jobs': None, 'n_neighbors': np.int64(15), 'p': 2, 'weights': 'distance'}",0.015159368515014648
Coffee,4,5,2,5,RandomForest,HMM_GMM,2,"{'n_components': 2, 'n_mix': 4, 'covariance_type': 'tied'}",0.66,0.6284904179641021,"{'bootstrap': True, 'ccp_alpha': 0.0, 'class_weight': 'balanced', 'criterion': 'gini', 'max_depth': 30, 'max_features': 'sqrt', 'max_leaf_nodes': None, 'max_samples': None, 'min_impurity_decrease': 0.0, 'min_samples_leaf': 1, 'min_samples_split': 2, 'min_weight_fraction_leaf': 0.0, 'monotonic_cst': None, 'n_estimators': 150, 'n_jobs': None, 'oob_score': False, 'random_state': 42, 'verbose': 0, 'warm_start': False}",0.6467463970184326
Coffee,4,5,2,5,LinearSVC,HMM_GMM,2,"{'n_components': 2, 'n_mix': 4, 'covariance_type': 'tied'}",0.6416666666666667,0.6364470453712218,"{'C': np.float64(33.59818286283781), 'class_weight': None, 'dual': False, 'fit_intercept': True, 'intercept_scaling': 1, 'loss': 'squared_hinge', 'max_iter': 100, 'multi_class': 'ovr', 'penalty': 'l1', 'random_state': 42, 'tol': 0.001, 'verbose': 0}",0.05749011039733887
Coffee,4,5,2,5,LogisticRegression,HMM_GMM,2,"{'n_components': 2, 'n_mix': 4, 'covariance_type': 'tied'}",0.6283333333333333,0.6193971003985441,"{'C': np.float64(6.1584821106602545), 'class_weight': None, 'dual': False, 'fit_intercept': True, 'intercept_scaling': 1, 'l1_ratio': None, 'max_iter': 100, 'multi_class': 'deprecated', 'n_jobs': None, 'penalty': 'l2', 'random_state': 42, 'solver': 'lbfgs', 'tol': 0.0001, 'verbose': 0, 'warm_start': False}",0.07178854942321777
Coffee,4,5,2,5,KNN,HMM_GMM,3,"{'n_components': 1, 'n_mix': 3, 'covariance_type': 'diag'}",0.73,0.7089616229216773,"{'algorithm': 'auto', 'leaf_size': 30, 'metric': 'minkowski', 'metric_params': None, 'n_jobs': None, 'n_neighbors': np.int64(13), 'p': 4, 'weights': 'distance'}",0.06551265716552734
Coffee,4,5,2,5,RandomForest,HMM_GMM,3,"{'n_components': 1, 'n_mix': 3, 'covariance_type': 'diag'}",0.6333333333333333,0.5820018148104312,"{'bootstrap': True, 'ccp_alpha': 0.0, 'class_weight': 'balanced', 'criterion': 'gini', 'max_depth': 20, 'max_features': 'sqrt', 'max_leaf_nodes': None, 'max_samples': None, 'min_impurity_decrease': 0.0, 'min_samples_leaf': 2, 'min_samples_split': 5, 'min_weight_fraction_leaf': 0.0, 'monotonic_cst': None, 'n_estimators': 50, 'n_jobs': None, 'oob_score': False, 'random_state': 42, 'verbose': 0, 'warm_start': False}",0.2389991283416748
Coffee,4,5,2,5,LinearSVC,HMM_GMM,3,"{'n_components': 1, 'n_mix': 3, 'covariance_type': 'diag'}",0.645,0.6309805356908235,"{'C': np.float64(1000.0), 'class_weight': 'balanced', 'dual': False, 'fit_intercept': True, 'intercept_scaling': 1, 'loss': 'squared_hinge', 'max_iter': 100, 'multi_class': 'ovr', 'penalty': 'l2', 'random_state': 42, 'tol': 0.001, 'verbose': 0}",0.01660752296447754
Coffee,4,5,2,5,LogisticRegression,HMM_GMM,3,"{'n_components': 1, 'n_mix': 3, 'covariance_type': 'diag'}",0.645,0.6309805356908235,"{'C': np.float64(2.6366508987303554), 'class_weight': 'balanced', 'dual': False, 'fit_intercept': True, 'intercept_scaling': 1, 'l1_ratio': None, 'max_iter': 100, 'multi_class': 'deprecated', 'n_jobs': None, 'penalty': 'l1', 'random_state': 42, 'solver': 'saga', 'tol': 0.0001, 'verbose': 0, 'warm_start': False}",0.2359158992767334
Coffee,4,5,2,5,KNN,HMM_GMM,4,"{'n_components': 4, 'n_mix': 3, 'covariance_type': 'diag'}",0.675,0.6366843033509699,"{'algorithm': 'auto', 'leaf_size': 30, 'metric': 'euclidean', 'metric_params': None, 'n_jobs': None, 'n_neighbors': np.int64(15), 'p': 2, 'weights': 'distance'}",0.019957780838012695
Coffee,4,5,2,5,RandomForest,HMM_GMM,4,"{'n_components': 4, 'n_mix': 3, 'covariance_type': 'diag'}",0.615,0.5843529411764706,"{'bootstrap': True, 'ccp_alpha': 0.0, 'class_weight': 'balanced', 'criterion': 'gini', 'max_depth': 30, 'max_features': 'sqrt', 'max_leaf_nodes': None, 'max_samples': None, 'min_impurity_decrease': 0.0, 'min_samples_leaf': 1, 'min_samples_split': 2, 'min_weight_fraction_leaf': 0.0, 'monotonic_cst': None, 'n_estimators': 150, 'n_jobs': None, 'oob_score': False, 'random_state': 42, 'verbose': 0, 'warm_start': False}",0.641845703125
Coffee,4,5,2,5,LinearSVC,HMM_GMM,4,"{'n_components': 4, 'n_mix': 3, 'covariance_type': 'diag'}",0.5416666666666666,0.5124635835832457,"{'C': np.float64(2.6366508987303554), 'class_weight': 'balanced', 'dual': False, 'fit_intercept': True, 'intercept_scaling': 1, 'loss': 'squared_hinge', 'max_iter': 100, 'multi_class': 'ovr', 'penalty': 'l1', 'random_state': 42, 'tol': 0.0001, 'verbose': 0}",0.05548667907714844
Coffee,4,5,2,5,LogisticRegression,HMM_GMM,4,"{'n_components': 4, 'n_mix': 3, 'covariance_type': 'diag'}",0.495,0.4584419820867648,"{'C': np.float64(33.59818286283781), 'class_weight': 'balanced', 'dual': False, 'fit_intercept': True, 'intercept_scaling': 1, 'l1_ratio': None, 'max_iter': 100, 'multi_class': 'deprecated', 'n_jobs': None, 'penalty': 'l1', 'random_state': 42, 'solver': 'saga', 'tol': 0.0001, 'verbose': 0, 'warm_start': False}",0.24057531356811523
Coffee,4,5,2,5,KNN,HMM_GMM,5,"{'n_components': 1, 'n_mix': 1, 'covariance_type': 'tied'}",0.695,0.6820252558419396,"{'algorithm': 'auto', 'leaf_size': 30, 'metric': 'minkowski', 'metric_params': None, 'n_jobs': None, 'n_neighbors': np.int64(5), 'p': 3, 'weights': 'distance'}",0.04411458969116211
Coffee,4,5,2,5,RandomForest,HMM_GMM,5,"{'n_components': 1, 'n_mix': 1, 'covariance_type': 'tied'}",0.64,0.6225961538461539,"{'bootstrap': True, 'ccp_alpha': 0.0, 'class_weight': None, 'criterion': 'gini', 'max_depth': None, 'max_features': 'sqrt', 'max_leaf_nodes': None, 'max_samples': None, 'min_impurity_decrease': 0.0, 'min_samples_leaf': 4, 'min_samples_split': 2, 'min_weight_fraction_leaf': 0.0, 'monotonic_cst': None, 'n_estimators': 50, 'n_jobs': None, 'oob_score': False, 'random_state': 42, 'verbose': 0, 'warm_start': False}",0.29110121726989746
Coffee,4,5,2,5,LinearSVC,HMM_GMM,5,"{'n_components': 1, 'n_mix': 1, 'covariance_type': 'tied'}",0.6783333333333333,0.6744594707070536,"{'C': np.float64(33.59818286283781), 'class_weight': 'balanced', 'dual': False, 'fit_intercept': True, 'intercept_scaling': 1, 'loss': 'squared_hinge', 'max_iter': 100, 'multi_class': 'ovr', 'penalty': 'l1', 'random_state': 42, 'tol': 0.0001, 'verbose': 0}",0.05840182304382324
Coffee,4,5,2,5,LogisticRegression,HMM_GMM,5,"{'n_components': 1, 'n_mix': 1, 'covariance_type': 'tied'}",0.6316666666666667,0.6190662893228999,"{'C': np.float64(183.29807108324337), 'class_weight': 'balanced', 'dual': False, 'fit_intercept': True, 'intercept_scaling': 1, 'l1_ratio': None, 'max_iter': 100, 'multi_class': 'deprecated', 'n_jobs': None, 'penalty': 'l1', 'random_state': 42, 'solver': 'saga', 'tol': 0.0001, 'verbose': 0, 'warm_start': False}",0.30315399169921875
Coffee,4,5,2,5,KNN,HMM_GMM,6,"{'n_components': 4, 'n_mix': 3, 'covariance_type': 'diag'}",0.675,0.6366843033509699,"{'algorithm': 'auto', 'leaf_size': 30, 'metric': 'euclidean', 'metric_params': None, 'n_jobs': None, 'n_neighbors': np.int64(15), 'p': 2, 'weights': 'distance'}",0.020493507385253906
Coffee,4,5,2,5,RandomForest,HMM_GMM,6,"{'n_components': 4, 'n_mix': 3, 'covariance_type': 'diag'}",0.615,0.5843529411764706,"{'bootstrap': True, 'ccp_alpha': 0.0, 'class_weight': 'balanced', 'criterion': 'gini', 'max_depth': 30, 'max_features': 'sqrt', 'max_leaf_nodes': None, 'max_samples': None, 'min_impurity_decrease': 0.0, 'min_samples_leaf': 1, 'min_samples_split': 2, 'min_weight_fraction_leaf': 0.0, 'monotonic_cst': None, 'n_estimators': 150, 'n_jobs': None, 'oob_score': False, 'random_state': 42, 'verbose': 0, 'warm_start': False}",0.6439707279205322
Coffee,4,5,2,5,LinearSVC,HMM_GMM,6,"{'n_components': 4, 'n_mix': 3, 'covariance_type': 'diag'}",0.5416666666666666,0.5124635835832457,"{'C': np.float64(2.6366508987303554), 'class_weight': 'balanced', 'dual': False, 'fit_intercept': True, 'intercept_scaling': 1, 'loss': 'squared_hinge', 'max_iter': 100, 'multi_class': 'ovr', 'penalty': 'l1', 'random_state': 42, 'tol': 0.0001, 'verbose': 0}",0.05551552772521973
Coffee,4,5,2,5,LogisticRegression,HMM_GMM,6,"{'n_components': 4, 'n_mix': 3, 'covariance_type': 'diag'}",0.495,0.4584419820867648,"{'C': np.float64(33.59818286283781), 'class_weight': 'balanced', 'dual': False, 'fit_intercept': True, 'intercept_scaling': 1, 'l1_ratio': None, 'max_iter': 100, 'multi_class': 'deprecated', 'n_jobs': None, 'penalty': 'l1', 'random_state': 42, 'solver': 'saga', 'tol': 0.0001, 'verbose': 0, 'warm_start': False}",0.27082014083862305
Coffee,4,5,2,5,KNN,HMM_GMM,7,"{'n_components': 2, 'n_mix': 5, 'covariance_type': 'diag'}",0.7116666666666667,0.6857724439871845,"{'algorithm': 'auto', 'leaf_size': 30, 'metric': 'minkowski', 'metric_params': None, 'n_jobs': None, 'n_neighbors': np.int64(13), 'p': 4, 'weights': 'distance'}",0.07236289978027344
Coffee,4,5,2,5,RandomForest,HMM_GMM,7,"{'n_components': 2, 'n_mix': 5, 'covariance_type': 'diag'}",0.6433333333333333,0.6143954581570202,"{'bootstrap': True, 'ccp_alpha': 0.0, 'class_weight': 'balanced', 'criterion': 'gini', 'max_depth': 20, 'max_features': 'sqrt', 'max_leaf_nodes': None, 'max_samples': None, 'min_impurity_decrease': 0.0, 'min_samples_leaf': 2, 'min_samples_split': 5, 'min_weight_fraction_leaf': 0.0, 'monotonic_cst': None, 'n_estimators': 50, 'n_jobs': None, 'oob_score': False, 'random_state': 42, 'verbose': 0, 'warm_start': False}",0.2721292972564697
Coffee,4,5,2,5,LinearSVC,HMM_GMM,7,"{'n_components': 2, 'n_mix': 5, 'covariance_type': 'diag'}",0.6366666666666667,0.6153289970676572,"{'C': np.float64(33.59818286283781), 'class_weight': 'balanced', 'dual': False, 'fit_intercept': True, 'intercept_scaling': 1, 'loss': 'squared_hinge', 'max_iter': 100, 'multi_class': 'ovr', 'penalty': 'l1', 'random_state': 42, 'tol': 0.001, 'verbose': 0}",0.06205177307128906
Coffee,4,5,2,5,LogisticRegression,HMM_GMM,7,"{'n_components': 2, 'n_mix': 5, 'covariance_type': 'diag'}",0.6383333333333333,0.6165213774810759,"{'C': np.float64(33.59818286283781), 'class_weight': None, 'dual': False, 'fit_intercept': True, 'intercept_scaling': 1, 'l1_ratio': None, 'max_iter': 100, 'multi_class': 'deprecated', 'n_jobs': None, 'penalty': 'l2', 'random_state': 42, 'solver': 'saga', 'tol': 0.0001, 'verbose': 0, 'warm_start': False}",0.20433926582336426
Coffee,4,5,2,5,KNN,HMM_GMM,8,"{'n_components': 1, 'n_mix': 3, 'covariance_type': 'full'}",0.7016666666666667,0.6867636631537483,"{'algorithm': 'auto', 'leaf_size': 30, 'metric': 'manhattan', 'metric_params': None, 'n_jobs': None, 'n_neighbors': np.int64(5), 'p': 2, 'weights': 'distance'}",0.02019977569580078
Coffee,4,5,2,5,RandomForest,HMM_GMM,8,"{'n_components': 1, 'n_mix': 3, 'covariance_type': 'full'}",0.655,0.6475748823077068,"{'bootstrap': True, 'ccp_alpha': 0.0, 'class_weight': None, 'criterion': 'gini', 'max_depth': 20, 'max_features': 'sqrt', 'max_leaf_nodes': None, 'max_samples': None, 'min_impurity_decrease': 0.0, 'min_samples_leaf': 4, 'min_samples_split': 5, 'min_weight_fraction_leaf': 0.0, 'monotonic_cst': None, 'n_estimators': 150, 'n_jobs': None, 'oob_score': False, 'random_state': 42, 'verbose': 0, 'warm_start': False}",0.7595303058624268
Coffee,4,5,2,5,LinearSVC,HMM_GMM,8,"{'n_components': 1, 'n_mix': 3, 'covariance_type': 'full'}",0.665,0.6605122100215766,"{'C': np.float64(2.6366508987303554), 'class_weight': 'balanced', 'dual': False, 'fit_intercept': True, 'intercept_scaling': 1, 'loss': 'squared_hinge', 'max_iter': 100, 'multi_class': 'ovr', 'penalty': 'l1', 'random_state': 42, 'tol': 0.0001, 'verbose': 0}",0.06273770332336426
Coffee,4,5,2,5,LogisticRegression,HMM_GMM,8,"{'n_components': 1, 'n_mix': 3, 'covariance_type': 'full'}",0.605,0.607699292544817,"{'C': np.float64(33.59818286283781), 'class_weight': None, 'dual': False, 'fit_intercept': True, 'intercept_scaling': 1, 'l1_ratio': None, 'max_iter': 100, 'multi_class': 'deprecated', 'n_jobs': None, 'penalty': 'l2', 'random_state': 42, 'solver': 'saga', 'tol': 0.0001, 'verbose': 0, 'warm_start': False}",0.20708847045898438
Coffee,4,5,2,5,KNN,HMM_GMM,9,"{'n_components': 5, 'n_mix': 1, 'covariance_type': 'diag'}",0.7216666666666667,0.6982939750056116,"{'algorithm': 'auto', 'leaf_size': 30, 'metric': 'minkowski', 'metric_params': None, 'n_jobs': None, 'n_neighbors': np.int64(5), 'p': 3, 'weights': 'distance'}",0.05883622169494629
Coffee,4,5,2,5,RandomForest,HMM_GMM,9,"{'n_components': 5, 'n_mix': 1, 'covariance_type': 'diag'}",0.6133333333333333,0.5516039339568751,"{'bootstrap': True, 'ccp_alpha': 0.0, 'class_weight': 'balanced', 'criterion': 'gini', 'max_depth': None, 'max_features': 'sqrt', 'max_leaf_nodes': None, 'max_samples': None, 'min_impurity_decrease': 0.0, 'min_samples_leaf': 1, 'min_samples_split': 2, 'min_weight_fraction_leaf': 0.0, 'monotonic_cst': None, 'n_estimators': 50, 'n_jobs': None, 'oob_score': False, 'random_state': 42, 'verbose': 0, 'warm_start': False}",0.25165605545043945
Coffee,4,5,2,5,LinearSVC,HMM_GMM,9,"{'n_components': 5, 'n_mix': 1, 'covariance_type': 'diag'}",0.685,0.6794229321040459,"{'C': np.float64(33.59818286283781), 'class_weight': 'balanced', 'dual': False, 'fit_intercept': True, 'intercept_scaling': 1, 'loss': 'squared_hinge', 'max_iter': 100, 'multi_class': 'ovr', 'penalty': 'l1', 'random_state': 42, 'tol': 0.0001, 'verbose': 0}",0.06481790542602539
Coffee,4,5,2,5,LogisticRegression,HMM_GMM,9,"{'n_components': 5, 'n_mix': 1, 'covariance_type': 'diag'}",0.6583333333333333,0.6468405829453239,"{'C': np.float64(183.29807108324337), 'class_weight': None, 'dual': False, 'fit_intercept': True, 'intercept_scaling': 1, 'l1_ratio': None, 'max_iter': 100, 'multi_class': 'deprecated', 'n_jobs': None, 'penalty': 'l2', 'random_state': 42, 'solver': 'saga', 'tol': 0.0001, 'verbose': 0, 'warm_start': False}",0.2110731601715088
Coffee,4,5,2,5,KNN,HMM_GMM,10,"{'n_components': 3, 'n_mix': 5, 'covariance_type': 'diag'}",0.7166666666666667,0.69555622113979,"{'algorithm': 'auto', 'leaf_size': 30, 'metric': 'minkowski', 'metric_params': None, 'n_jobs': None, 'n_neighbors': np.int64(5), 'p': 3, 'weights': 'distance'}",0.05655860900878906
Coffee,4,5,2,5,RandomForest,HMM_GMM,10,"{'n_components': 3, 'n_mix': 5, 'covariance_type': 'diag'}",0.6516666666666666,0.6080897710865328,"{'bootstrap': True, 'ccp_alpha': 0.0, 'class_weight': 'balanced', 'criterion': 'gini', 'max_depth': None, 'max_features': 'sqrt', 'max_leaf_nodes': None, 'max_samples': None, 'min_impurity_decrease': 0.0, 'min_samples_leaf': 1, 'min_samples_split': 2, 'min_weight_fraction_leaf': 0.0, 'monotonic_cst': None, 'n_estimators': 50, 'n_jobs': None, 'oob_score': False, 'random_state': 42, 'verbose': 0, 'warm_start': False}",0.23425793647766113
Coffee,4,5,2,5,LinearSVC,HMM_GMM,10,"{'n_components': 3, 'n_mix': 5, 'covariance_type': 'diag'}",0.7016666666666667,0.7026627188390043,"{'C': np.float64(183.29807108324337), 'class_weight': 'balanced', 'dual': False, 'fit_intercept': True, 'intercept_scaling': 1, 'loss': 'squared_hinge', 'max_iter': 100, 'multi_class': 'ovr', 'penalty': 'l1', 'random_state': 42, 'tol': 0.0001, 'verbose': 0}",0.04996013641357422
Coffee,4,5,2,5,LogisticRegression,HMM_GMM,10,"{'n_components': 3, 'n_mix': 5, 'covariance_type': 'diag'}",0.705,0.7089149083500724,"{'C': np.float64(183.29807108324337), 'class_weight': None, 'dual': False, 'fit_intercept': True, 'intercept_scaling': 1, 'l1_ratio': None, 'max_iter': 100, 'multi_class': 'deprecated', 'n_jobs': None, 'penalty': 'l2', 'random_state': 42, 'solver': 'saga', 'tol': 0.0001, 'verbose': 0, 'warm_start': False}",0.07679104804992676
Coffee,4,5,2,10,KNN,HMM_GMM,1,"{'n_components': 2, 'n_mix': 1, 'covariance_type': 'diag'}",0.685,0.651164146342112,"{'algorithm': 'auto', 'leaf_size': 30, 'metric': 'minkowski', 'metric_params': None, 'n_jobs': None, 'n_neighbors': 5, 'p': 2, 'weights': 'uniform'}",0.04630637168884277
Coffee,4,5,2,10,RandomForest,HMM_GMM,1,"{'n_components': 2, 'n_mix': 1, 'covariance_type': 'diag'}",0.6416666666666667,0.5984969045340572,"{'bootstrap': True, 'ccp_alpha': 0.0, 'class_weight': None, 'criterion': 'gini', 'max_depth': None, 'max_features': 'sqrt', 'max_leaf_nodes': None, 'max_samples': None, 'min_impurity_decrease': 0.0, 'min_samples_leaf': 1, 'min_samples_split': 2, 'min_weight_fraction_leaf': 0.0, 'monotonic_cst': None, 'n_estimators': 100, 'n_jobs': None, 'oob_score': False, 'random_state': 42, 'verbose': 0, 'warm_start': False}",0.6618108749389648
Coffee,4,5,2,10,LinearSVC,HMM_GMM,1,"{'n_components': 2, 'n_mix': 1, 'covariance_type': 'diag'}",0.6633333333333333,0.6584992327031703,"{'C': 1.0, 'class_weight': None, 'dual': False, 'fit_intercept': True, 'intercept_scaling': 1, 'loss': 'squared_hinge', 'max_iter': 100, 'multi_class': 'ovr', 'penalty': 'l2', 'random_state': 42, 'tol': 0.0001, 'verbose': 0}",0.035462141036987305
Coffee,4,5,2,10,LogisticRegression,HMM_GMM,1,"{'n_components': 2, 'n_mix': 1, 'covariance_type': 'diag'}",0.6433333333333333,0.6281924524208823,"{'C': 1.0, 'class_weight': None, 'dual': False, 'fit_intercept': True, 'intercept_scaling': 1, 'l1_ratio': None, 'max_iter': 100, 'multi_class': 'deprecated', 'n_jobs': None, 'penalty': 'l2', 'random_state': 42, 'solver': 'lbfgs', 'tol': 0.0001, 'verbose': 0, 'warm_start': False}",0.07059121131896973
Coffee,4,5,2,10,KNN,HMM_GMM,2,"{'n_components': 2, 'n_mix': 4, 'covariance_type': 'tied'}",0.7083333333333334,0.6830431894509905,"{'algorithm': 'auto', 'leaf_size': 30, 'metric': 'minkowski', 'metric_params': None, 'n_jobs': None, 'n_neighbors': 5, 'p': 2, 'weights': 'uniform'}",0.042780160903930664
Coffee,4,5,2,10,RandomForest,HMM_GMM,2,"{'n_components': 2, 'n_mix': 4, 'covariance_type': 'tied'}",0.675,0.6489578493407737,"{'bootstrap': True, 'ccp_alpha': 0.0, 'class_weight': None, 'criterion': 'gini', 'max_depth': None, 'max_features': 'sqrt', 'max_leaf_nodes': None, 'max_samples': None, 'min_impurity_decrease': 0.0, 'min_samples_leaf': 1, 'min_samples_split': 2, 'min_weight_fraction_leaf': 0.0, 'monotonic_cst': None, 'n_estimators': 100, 'n_jobs': None, 'oob_score': False, 'random_state': 42, 'verbose': 0, 'warm_start': False}",0.5983121395111084
Coffee,4,5,2,10,LinearSVC,HMM_GMM,2,"{'n_components': 2, 'n_mix': 4, 'covariance_type': 'tied'}",0.645,0.6454716970452783,"{'C': 1.0, 'class_weight': None, 'dual': False, 'fit_intercept': True, 'intercept_scaling': 1, 'loss': 'squared_hinge', 'max_iter': 100, 'multi_class': 'ovr', 'penalty': 'l2', 'random_state': 42, 'tol': 0.0001, 'verbose': 0}",0.045213937759399414
Coffee,4,5,2,10,LogisticRegression,HMM_GMM,2,"{'n_components': 2, 'n_mix': 4, 'covariance_type': 'tied'}",0.6233333333333333,0.6125,"{'C': 1.0, 'class_weight': None, 'dual': False, 'fit_intercept': True, 'intercept_scaling': 1, 'l1_ratio': None, 'max_iter': 100, 'multi_class': 'deprecated', 'n_jobs': None, 'penalty': 'l2', 'random_state': 42, 'solver': 'lbfgs', 'tol': 0.0001, 'verbose': 0, 'warm_start': False}",0.1180424690246582
Coffee,4,5,2,10,KNN,HMM_GMM,3,"{'n_components': 1, 'n_mix': 3, 'covariance_type': 'diag'}",0.72,0.6962543547424184,"{'algorithm': 'auto', 'leaf_size': 30, 'metric': 'minkowski', 'metric_params': None, 'n_jobs': None, 'n_neighbors': 5, 'p': 2, 'weights': 'uniform'}",0.04798746109008789
Coffee,4,5,2,10,RandomForest,HMM_GMM,3,"{'n_components': 1, 'n_mix': 3, 'covariance_type': 'diag'}",0.65,0.6090204199201265,"{'bootstrap': True, 'ccp_alpha': 0.0, 'class_weight': None, 'criterion': 'gini', 'max_depth': None, 'max_features': 'sqrt', 'max_leaf_nodes': None, 'max_samples': None, 'min_impurity_decrease': 0.0, 'min_samples_leaf': 1, 'min_samples_split': 2, 'min_weight_fraction_leaf': 0.0, 'monotonic_cst': None, 'n_estimators': 100, 'n_jobs': None, 'oob_score': False, 'random_state': 42, 'verbose': 0, 'warm_start': False}",0.6359190940856934
Coffee,4,5,2,10,LinearSVC,HMM_GMM,3,"{'n_components': 1, 'n_mix': 3, 'covariance_type': 'diag'}",0.645,0.6309805356908235,"{'C': 1.0, 'class_weight': None, 'dual': False, 'fit_intercept': True, 'intercept_scaling': 1, 'loss': 'squared_hinge', 'max_iter': 100, 'multi_class': 'ovr', 'penalty': 'l2', 'random_state': 42, 'tol': 0.0001, 'verbose': 0}",0.037584781646728516
Coffee,4,5,2,10,LogisticRegression,HMM_GMM,3,"{'n_components': 1, 'n_mix': 3, 'covariance_type': 'diag'}",0.645,0.6309805356908235,"{'C': 1.0, 'class_weight': None, 'dual': False, 'fit_intercept': True, 'intercept_scaling': 1, 'l1_ratio': None, 'max_iter': 100, 'multi_class': 'deprecated', 'n_jobs': None, 'penalty': 'l2', 'random_state': 42, 'solver': 'lbfgs', 'tol': 0.0001, 'verbose': 0, 'warm_start': False}",0.06974005699157715
Coffee,4,5,2,10,KNN,HMM_GMM,4,"{'n_components': 4, 'n_mix': 3, 'covariance_type': 'diag'}",0.6933333333333334,0.6616615675201953,"{'algorithm': 'auto', 'leaf_size': 30, 'metric': 'minkowski', 'metric_params': None, 'n_jobs': None, 'n_neighbors': 5, 'p': 2, 'weights': 'uniform'}",0.05459141731262207
Coffee,4,5,2,10,RandomForest,HMM_GMM,4,"{'n_components': 4, 'n_mix': 3, 'covariance_type': 'diag'}",0.6183333333333333,0.5885882352941176,"{'bootstrap': True, 'ccp_alpha': 0.0, 'class_weight': None, 'criterion': 'gini', 'max_depth': None, 'max_features': 'sqrt', 'max_leaf_nodes': None, 'max_samples': None, 'min_impurity_decrease': 0.0, 'min_samples_leaf': 1, 'min_samples_split': 2, 'min_weight_fraction_leaf': 0.0, 'monotonic_cst': None, 'n_estimators': 100, 'n_jobs': None, 'oob_score': False, 'random_state': 42, 'verbose': 0, 'warm_start': False}",0.6674020290374756
Coffee,4,5,2,10,LinearSVC,HMM_GMM,4,"{'n_components': 4, 'n_mix': 3, 'covariance_type': 'diag'}",0.5133333333333333,0.47514306642881876,"{'C': 1.0, 'class_weight': None, 'dual': False, 'fit_intercept': True, 'intercept_scaling': 1, 'loss': 'squared_hinge', 'max_iter': 100, 'multi_class': 'ovr', 'penalty': 'l2', 'random_state': 42, 'tol': 0.0001, 'verbose': 0}",0.03988957405090332
Coffee,4,5,2,10,LogisticRegression,HMM_GMM,4,"{'n_components': 4, 'n_mix': 3, 'covariance_type': 'diag'}",0.4766666666666667,0.42614261426142613,"{'C': 1.0, 'class_weight': None, 'dual': False, 'fit_intercept': True, 'intercept_scaling': 1, 'l1_ratio': None, 'max_iter': 100, 'multi_class': 'deprecated', 'n_jobs': None, 'penalty': 'l2', 'random_state': 42, 'solver': 'lbfgs', 'tol': 0.0001, 'verbose': 0, 'warm_start': False}",0.11214971542358398
Coffee,4,5,2,10,KNN,HMM_GMM,5,"{'n_components': 1, 'n_mix': 1, 'covariance_type': 'tied'}",0.7,0.6856044331444724,"{'algorithm': 'auto', 'leaf_size': 30, 'metric': 'minkowski', 'metric_params': None, 'n_jobs': None, 'n_neighbors': 5, 'p': 2, 'weights': 'uniform'}",0.054599761962890625
Coffee,4,5,2,10,RandomForest,HMM_GMM,5,"{'n_components': 1, 'n_mix': 1, 'covariance_type': 'tied'}",0.6266666666666667,0.5999264017128328,"{'bootstrap': True, 'ccp_alpha': 0.0, 'class_weight': None, 'criterion': 'gini', 'max_depth': None, 'max_features': 'sqrt', 'max_leaf_nodes': None, 'max_samples': None, 'min_impurity_decrease': 0.0, 'min_samples_leaf': 1, 'min_samples_split': 2, 'min_weight_fraction_leaf': 0.0, 'monotonic_cst': None, 'n_estimators': 100, 'n_jobs': None, 'oob_score': False, 'random_state': 42, 'verbose': 0, 'warm_start': False}",0.7996914386749268
Coffee,4,5,2,10,LinearSVC,HMM_GMM,5,"{'n_components': 1, 'n_mix': 1, 'covariance_type': 'tied'}",0.7483333333333333,0.7537567393586276,"{'C': 1.0, 'class_weight': None, 'dual': False, 'fit_intercept': True, 'intercept_scaling': 1, 'loss': 'squared_hinge', 'max_iter': 100, 'multi_class': 'ovr', 'penalty': 'l2', 'random_state': 42, 'tol': 0.0001, 'verbose': 0}",0.060483455657958984
Coffee,4,5,2,10,LogisticRegression,HMM_GMM,5,"{'n_components': 1, 'n_mix': 1, 'covariance_type': 'tied'}",0.6316666666666667,0.6182971660070897,"{'C': 1.0, 'class_weight': None, 'dual': False, 'fit_intercept': True, 'intercept_scaling': 1, 'l1_ratio': None, 'max_iter': 100, 'multi_class': 'deprecated', 'n_jobs': None, 'penalty': 'l2', 'random_state': 42, 'solver': 'lbfgs', 'tol': 0.0001, 'verbose': 0, 'warm_start': False}",0.1783285140991211
Coffee,4,5,2,10,KNN,HMM_GMM,6,"{'n_components': 4, 'n_mix': 3, 'covariance_type': 'diag'}",0.6933333333333334,0.6616615675201953,"{'algorithm': 'auto', 'leaf_size': 30, 'metric': 'minkowski', 'metric_params': None, 'n_jobs': None, 'n_neighbors': 5, 'p': 2, 'weights': 'uniform'}",0.04184222221374512
Coffee,4,5,2,10,RandomForest,HMM_GMM,6,"{'n_components': 4, 'n_mix': 3, 'covariance_type': 'diag'}",0.6183333333333333,0.5885882352941176,"{'bootstrap': True, 'ccp_alpha': 0.0, 'class_weight': None, 'criterion': 'gini', 'max_depth': None, 'max_features': 'sqrt', 'max_leaf_nodes': None, 'max_samples': None, 'min_impurity_decrease': 0.0, 'min_samples_leaf': 1, 'min_samples_split': 2, 'min_weight_fraction_leaf': 0.0, 'monotonic_cst': None, 'n_estimators': 100, 'n_jobs': None, 'oob_score': False, 'random_state': 42, 'verbose': 0, 'warm_start': False}",0.5672459602355957
Coffee,4,5,2,10,LinearSVC,HMM_GMM,6,"{'n_components': 4, 'n_mix': 3, 'covariance_type': 'diag'}",0.5133333333333333,0.47514306642881876,"{'C': 1.0, 'class_weight': None, 'dual': False, 'fit_intercept': True, 'intercept_scaling': 1, 'loss': 'squared_hinge', 'max_iter': 100, 'multi_class': 'ovr', 'penalty': 'l2', 'random_state': 42, 'tol': 0.0001, 'verbose': 0}",0.03911566734313965
Coffee,4,5,2,10,LogisticRegression,HMM_GMM,6,"{'n_components': 4, 'n_mix': 3, 'covariance_type': 'diag'}",0.4766666666666667,0.42614261426142613,"{'C': 1.0, 'class_weight': None, 'dual': False, 'fit_intercept': True, 'intercept_scaling': 1, 'l1_ratio': None, 'max_iter': 100, 'multi_class': 'deprecated', 'n_jobs': None, 'penalty': 'l2', 'random_state': 42, 'solver': 'lbfgs', 'tol': 0.0001, 'verbose': 0, 'warm_start': False}",0.11587381362915039
Coffee,4,5,2,10,KNN,HMM_GMM,7,"{'n_components': 2, 'n_mix': 5, 'covariance_type': 'diag'}",0.7066666666666667,0.6794804628412434,"{'algorithm': 'auto', 'leaf_size': 30, 'metric': 'minkowski', 'metric_params': None, 'n_jobs': None, 'n_neighbors': 5, 'p': 2, 'weights': 'uniform'}",0.04654502868652344
Coffee,4,5,2,10,RandomForest,HMM_GMM,7,"{'n_components': 2, 'n_mix': 5, 'covariance_type': 'diag'}",0.6466666666666666,0.6184076909081294,"{'bootstrap': True, 'ccp_alpha': 0.0, 'class_weight': None, 'criterion': 'gini', 'max_depth': None, 'max_features': 'sqrt', 'max_leaf_nodes': None, 'max_samples': None, 'min_impurity_decrease': 0.0, 'min_samples_leaf': 1, 'min_samples_split': 2, 'min_weight_fraction_leaf': 0.0, 'monotonic_cst': None, 'n_estimators': 100, 'n_jobs': None, 'oob_score': False, 'random_state': 42, 'verbose': 0, 'warm_start': False}",0.6165206432342529
Coffee,4,5,2,10,LinearSVC,HMM_GMM,7,"{'n_components': 2, 'n_mix': 5, 'covariance_type': 'diag'}",0.6366666666666667,0.6142566973650065,"{'C': 1.0, 'class_weight': None, 'dual': False, 'fit_intercept': True, 'intercept_scaling': 1, 'loss': 'squared_hinge', 'max_iter': 100, 'multi_class': 'ovr', 'penalty': 'l2', 'random_state': 42, 'tol': 0.0001, 'verbose': 0}",0.0413515567779541
Coffee,4,5,2,10,LogisticRegression,HMM_GMM,7,"{'n_components': 2, 'n_mix': 5, 'covariance_type': 'diag'}",0.6366666666666667,0.6142566973650065,"{'C': 1.0, 'class_weight': None, 'dual': False, 'fit_intercept': True, 'intercept_scaling': 1, 'l1_ratio': None, 'max_iter': 100, 'multi_class': 'deprecated', 'n_jobs': None, 'penalty': 'l2', 'random_state': 42, 'solver': 'lbfgs', 'tol': 0.0001, 'verbose': 0, 'warm_start': False}",0.10465502738952637
Coffee,4,5,2,10,KNN,HMM_GMM,8,"{'n_components': 1, 'n_mix': 3, 'covariance_type': 'full'}",0.7216666666666667,0.6992668633549977,"{'algorithm': 'auto', 'leaf_size': 30, 'metric': 'minkowski', 'metric_params': None, 'n_jobs': None, 'n_neighbors': 5, 'p': 2, 'weights': 'uniform'}",0.044013023376464844
Coffee,4,5,2,10,RandomForest,HMM_GMM,8,"{'n_components': 1, 'n_mix': 3, 'covariance_type': 'full'}",0.6566666666666666,0.6503192384953281,"{'bootstrap': True, 'ccp_alpha': 0.0, 'class_weight': None, 'criterion': 'gini', 'max_depth': None, 'max_features': 'sqrt', 'max_leaf_nodes': None, 'max_samples': None, 'min_impurity_decrease': 0.0, 'min_samples_leaf': 1, 'min_samples_split': 2, 'min_weight_fraction_leaf': 0.0, 'monotonic_cst': None, 'n_estimators': 100, 'n_jobs': None, 'oob_score': False, 'random_state': 42, 'verbose': 0, 'warm_start': False}",0.6961269378662109
Coffee,4,5,2,10,LinearSVC,HMM_GMM,8,"{'n_components': 1, 'n_mix': 3, 'covariance_type': 'full'}",0.6283333333333333,0.6297545654530213,"{'C': 1.0, 'class_weight': None, 'dual': False, 'fit_intercept': True, 'intercept_scaling': 1, 'loss': 'squared_hinge', 'max_iter': 100, 'multi_class': 'ovr', 'penalty': 'l2', 'random_state': 42, 'tol': 0.0001, 'verbose': 0}",0.04991507530212402
Coffee,4,5,2,10,LogisticRegression,HMM_GMM,8,"{'n_components': 1, 'n_mix': 3, 'covariance_type': 'full'}",0.6083333333333333,0.6032311062431545,"{'C': 1.0, 'class_weight': None, 'dual': False, 'fit_intercept': True, 'intercept_scaling': 1, 'l1_ratio': None, 'max_iter': 100, 'multi_class': 'deprecated', 'n_jobs': None, 'penalty': 'l2', 'random_state': 42, 'solver': 'lbfgs', 'tol': 0.0001, 'verbose': 0, 'warm_start': False}",0.2500417232513428
Coffee,4,5,2,10,KNN,HMM_GMM,9,"{'n_components': 5, 'n_mix': 1, 'covariance_type': 'diag'}",0.71,0.6833715471121302,"{'algorithm': 'auto', 'leaf_size': 30, 'metric': 'minkowski', 'metric_params': None, 'n_jobs': None, 'n_neighbors': 5, 'p': 2, 'weights': 'uniform'}",0.04514002799987793
Coffee,4,5,2,10,RandomForest,HMM_GMM,9,"{'n_components': 5, 'n_mix': 1, 'covariance_type': 'diag'}",0.6133333333333333,0.5516039339568751,"{'bootstrap': True, 'ccp_alpha': 0.0, 'class_weight': None, 'criterion': 'gini', 'max_depth': None, 'max_features': 'sqrt', 'max_leaf_nodes': None, 'max_samples': None, 'min_impurity_decrease': 0.0, 'min_samples_leaf': 1, 'min_samples_split': 2, 'min_weight_fraction_leaf': 0.0, 'monotonic_cst': None, 'n_estimators': 100, 'n_jobs': None, 'oob_score': False, 'random_state': 42, 'verbose': 0, 'warm_start': False}",0.619448184967041
Coffee,4,5,2,10,LinearSVC,HMM_GMM,9,"{'n_components': 5, 'n_mix': 1, 'covariance_type': 'diag'}",0.7,0.6967932493971438,"{'C': 1.0, 'class_weight': None, 'dual': False, 'fit_intercept': True, 'intercept_scaling': 1, 'loss': 'squared_hinge', 'max_iter': 100, 'multi_class': 'ovr', 'penalty': 'l2', 'random_state': 42, 'tol': 0.0001, 'verbose': 0}",0.03818178176879883
Coffee,4,5,2,10,LogisticRegression,HMM_GMM,9,"{'n_components': 5, 'n_mix': 1, 'covariance_type': 'diag'}",0.6666666666666666,0.6557070431828479,"{'C': 1.0, 'class_weight': None, 'dual': False, 'fit_intercept': True, 'intercept_scaling': 1, 'l1_ratio': None, 'max_iter': 100, 'multi_class': 'deprecated', 'n_jobs': None, 'penalty': 'l2', 'random_state': 42, 'solver': 'lbfgs', 'tol': 0.0001, 'verbose': 0, 'warm_start': False}",0.16987037658691406
Coffee,4,5,2,10,KNN,HMM_GMM,10,"{'n_components': 3, 'n_mix': 5, 'covariance_type': 'diag'}",0.705,0.6798447888896368,"{'algorithm': 'auto', 'leaf_size': 30, 'metric': 'minkowski', 'metric_params': None, 'n_jobs': None, 'n_neighbors': 5, 'p': 2, 'weights': 'uniform'}",0.045008182525634766
Coffee,4,5,2,10,RandomForest,HMM_GMM,10,"{'n_components': 3, 'n_mix': 5, 'covariance_type': 'diag'}",0.645,0.6014441498978659,"{'bootstrap': True, 'ccp_alpha': 0.0, 'class_weight': None, 'criterion': 'gini', 'max_depth': None, 'max_features': 'sqrt', 'max_leaf_nodes': None, 'max_samples': None, 'min_impurity_decrease': 0.0, 'min_samples_leaf': 1, 'min_samples_split': 2, 'min_weight_fraction_leaf': 0.0, 'monotonic_cst': None, 'n_estimators': 100, 'n_jobs': None, 'oob_score': False, 'random_state': 42, 'verbose': 0, 'warm_start': False}",0.672025203704834
Coffee,4,5,2,10,LinearSVC,HMM_GMM,10,"{'n_components': 3, 'n_mix': 5, 'covariance_type': 'diag'}",0.695,0.6930859941835796,"{'C': 1.0, 'class_weight': None, 'dual': False, 'fit_intercept': True, 'intercept_scaling': 1, 'loss': 'squared_hinge', 'max_iter': 100, 'multi_class': 'ovr', 'penalty': 'l2', 'random_state': 42, 'tol': 0.0001, 'verbose': 0}",0.04706120491027832
Coffee,4,5,2,10,LogisticRegression,HMM_GMM,10,"{'n_components': 3, 'n_mix': 5, 'covariance_type': 'diag'}",0.69,0.6903786996810252,"{'C': 1.0, 'class_weight': None, 'dual': False, 'fit_intercept': True, 'intercept_scaling': 1, 'l1_ratio': None, 'max_iter': 100, 'multi_class': 'deprecated', 'n_jobs': None, 'penalty': 'l2', 'random_state': 42, 'solver': 'lbfgs', 'tol': 0.0001, 'verbose': 0, 'warm_start': False}",0.15291357040405273
Coffee,4,5,3,1,KNN,Baseline,N/A,N/A,0.6983333333333334,0.6719188197710921,"{'algorithm': 'auto', 'leaf_size': 30, 'metric': 'minkowski', 'metric_params': None, 'n_jobs': None, 'n_neighbors': 5, 'p': 2, 'weights': 'uniform'}",0.030742406845092773
Coffee,4,5,3,1,KNN,Tuned_Baseline,N/A,N/A,0.7033333333333334,0.6787341271103478,"{'algorithm': 'auto', 'leaf_size': 30, 'metric': 'chebyshev', 'metric_params': None, 'n_jobs': None, 'n_neighbors': np.int64(5), 'p': 2, 'weights': 'uniform'}",0.024591445922851562
Coffee,4,5,3,1,RandomForest,Baseline,N/A,N/A,0.7416666666666667,0.7487015615969104,"{'bootstrap': True, 'ccp_alpha': 0.0, 'class_weight': None, 'criterion': 'gini', 'max_depth': None, 'max_features': 'sqrt', 'max_leaf_nodes': None, 'max_samples': None, 'min_impurity_decrease': 0.0, 'min_samples_leaf': 1, 'min_samples_split': 2, 'min_weight_fraction_leaf': 0.0, 'monotonic_cst': None, 'n_estimators': 100, 'n_jobs': None, 'oob_score': False, 'random_state': 42, 'verbose': 0, 'warm_start': False}",0.25213003158569336
Coffee,4,5,3,1,RandomForest,Tuned_Baseline,N/A,N/A,0.76,0.7666173665021149,"{'bootstrap': True, 'ccp_alpha': 0.0, 'class_weight': None, 'criterion': 'gini', 'max_depth': 30, 'max_features': 'sqrt', 'max_leaf_nodes': None, 'max_samples': None, 'min_impurity_decrease': 0.0, 'min_samples_leaf': 1, 'min_samples_split': 5, 'min_weight_fraction_leaf': 0.0, 'monotonic_cst': None, 'n_estimators': 50, 'n_jobs': None, 'oob_score': False, 'random_state': 42, 'verbose': 0, 'warm_start': False}",0.0036802291870117188
Coffee,4,5,3,1,LinearSVC,Baseline,N/A,N/A,0.7116666666666667,0.7178292503327881,"{'C': 1.0, 'class_weight': None, 'dual': False, 'fit_intercept': True, 'intercept_scaling': 1, 'loss': 'squared_hinge', 'max_iter': 100, 'multi_class': 'ovr', 'penalty': 'l2', 'random_state': 42, 'tol': 0.0001, 'verbose': 0}",0.005934476852416992
Coffee,4,5,3,1,LinearSVC,Tuned_Baseline,N/A,N/A,0.7033333333333334,0.7076846255731886,"{'C': np.float64(0.4832930238571752), 'class_weight': 'balanced', 'dual': False, 'fit_intercept': True, 'intercept_scaling': 1, 'loss': 'squared_hinge', 'max_iter': 100, 'multi_class': 'ovr', 'penalty': 'l2', 'random_state': 42, 'tol': 0.0001, 'verbose': 0}",0.0002391338348388672
Coffee,4,5,3,1,LogisticRegression,Baseline,N/A,N/A,0.6516666666666666,0.6498047806855802,"{'C': 1.0, 'class_weight': None, 'dual': False, 'fit_intercept': True, 'intercept_scaling': 1, 'l1_ratio': None, 'max_iter': 100, 'multi_class': 'deprecated', 'n_jobs': None, 'penalty': 'l2', 'random_state': 42, 'solver': 'lbfgs', 'tol': 0.0001, 'verbose': 0, 'warm_start': False}",0.13226580619812012
Coffee,4,5,3,1,LogisticRegression,Tuned_Baseline,N/A,N/A,0.6516666666666666,0.6498047806855802,"{'C': np.float64(0.4832930238571752), 'class_weight': None, 'dual': False, 'fit_intercept': True, 'intercept_scaling': 1, 'l1_ratio': None, 'max_iter': 100, 'multi_class': 'deprecated', 'n_jobs': None, 'penalty': 'l1', 'random_state': 42, 'solver': 'saga', 'tol': 0.0001, 'verbose': 0, 'warm_start': False}",0.0004520416259765625
Coffee,4,5,3,1,RNN,Tuned_Baseline,N/A,N/A,0.16666666666666666,0.047619047619047616,"{'hidden_size': 64, 'epochs': 10, 'batch_size': 32, 'lr': 0.001}",3.0994415283203125e-05
Coffee,4,5,3,2,KNN,HMM_GMM,1,"{'n_components': 2, 'n_mix': 1, 'covariance_type': 'diag'}",0.7033333333333334,0.6783373115696963,"{'algorithm': 'auto', 'leaf_size': 30, 'metric': 'chebyshev', 'metric_params': None, 'n_jobs': None, 'n_neighbors': np.int64(5), 'p': 2, 'weights': 'uniform'}",0.024783611297607422
Coffee,4,5,3,2,RandomForest,HMM_GMM,1,"{'n_components': 2, 'n_mix': 1, 'covariance_type': 'diag'}",0.6783333333333333,0.6567546866661178,"{'bootstrap': True, 'ccp_alpha': 0.0, 'class_weight': None, 'criterion': 'gini', 'max_depth': 30, 'max_features': 'sqrt', 'max_leaf_nodes': None, 'max_samples': None, 'min_impurity_decrease': 0.0, 'min_samples_leaf': 4, 'min_samples_split': 2, 'min_weight_fraction_leaf': 0.0, 'monotonic_cst': None, 'n_estimators': 50, 'n_jobs': None, 'oob_score': False, 'random_state': 42, 'verbose': 0, 'warm_start': False}",0.19739532470703125
Coffee,4,5,3,2,LinearSVC,HMM_GMM,1,"{'n_components': 2, 'n_mix': 1, 'covariance_type': 'diag'}",0.6516666666666666,0.6420682762315089,"{'C': np.float64(183.29807108324337), 'class_weight': 'balanced', 'dual': False, 'fit_intercept': True, 'intercept_scaling': 1, 'loss': 'squared_hinge', 'max_iter': 100, 'multi_class': 'ovr', 'penalty': 'l1', 'random_state': 42, 'tol': 0.0001, 'verbose': 0}",0.018280506134033203
Coffee,4,5,3,2,LogisticRegression,HMM_GMM,1,"{'n_components': 2, 'n_mix': 1, 'covariance_type': 'diag'}",0.6633333333333333,0.661239447652858,"{'C': np.float64(1000.0), 'class_weight': 'balanced', 'dual': False, 'fit_intercept': True, 'intercept_scaling': 1, 'l1_ratio': None, 'max_iter': 100, 'multi_class': 'deprecated', 'n_jobs': None, 'penalty': 'l2', 'random_state': 42, 'solver': 'sag', 'tol': 0.0001, 'verbose': 0, 'warm_start': False}",0.030852079391479492
Coffee,4,5,3,2,KNN,HMM_GMM,2,"{'n_components': 2, 'n_mix': 4, 'covariance_type': 'tied'}",0.6983333333333334,0.674447302039089,"{'algorithm': 'auto', 'leaf_size': 30, 'metric': 'chebyshev', 'metric_params': None, 'n_jobs': None, 'n_neighbors': np.int64(5), 'p': 2, 'weights': 'uniform'}",0.02678227424621582
Coffee,4,5,3,2,RandomForest,HMM_GMM,2,"{'n_components': 2, 'n_mix': 4, 'covariance_type': 'tied'}",0.705,0.7107586453139362,"{'bootstrap': True, 'ccp_alpha': 0.0, 'class_weight': 'balanced', 'criterion': 'gini', 'max_depth': None, 'max_features': 'sqrt', 'max_leaf_nodes': None, 'max_samples': None, 'min_impurity_decrease': 0.0, 'min_samples_leaf': 1, 'min_samples_split': 2, 'min_weight_fraction_leaf': 0.0, 'monotonic_cst': None, 'n_estimators': 50, 'n_jobs': None, 'oob_score': False, 'random_state': 42, 'verbose': 0, 'warm_start': False}",0.18212223052978516
Coffee,4,5,3,2,LinearSVC,HMM_GMM,2,"{'n_components': 2, 'n_mix': 4, 'covariance_type': 'tied'}",0.7983333333333333,0.7963522534095592,"{'C': np.float64(6.1584821106602545), 'class_weight': 'balanced', 'dual': False, 'fit_intercept': False, 'intercept_scaling': 1, 'loss': 'squared_hinge', 'max_iter': 100, 'multi_class': 'ovr', 'penalty': 'l2', 'random_state': 42, 'tol': 0.0001, 'verbose': 0}",0.011359453201293945
Coffee,4,5,3,2,LogisticRegression,HMM_GMM,2,"{'n_components': 2, 'n_mix': 4, 'covariance_type': 'tied'}",0.7883333333333333,0.7913892453633997,"{'C': np.float64(14.38449888287663), 'class_weight': 'balanced', 'dual': False, 'fit_intercept': False, 'intercept_scaling': 1, 'l1_ratio': None, 'max_iter': 100, 'multi_class': 'deprecated', 'n_jobs': None, 'penalty': 'l2', 'random_state': 42, 'solver': 'sag', 'tol': 0.0001, 'verbose': 0, 'warm_start': False}",0.06359195709228516
Coffee,4,5,3,2,KNN,HMM_GMM,3,"{'n_components': 1, 'n_mix': 3, 'covariance_type': 'diag'}",0.705,0.6796761015684918,"{'algorithm': 'auto', 'leaf_size': 30, 'metric': 'chebyshev', 'metric_params': None, 'n_jobs': None, 'n_neighbors': np.int64(5), 'p': 2, 'weights': 'uniform'}",0.029406070709228516
Coffee,4,5,3,2,RandomForest,HMM_GMM,3,"{'n_components': 1, 'n_mix': 3, 'covariance_type': 'diag'}",0.6833333333333333,0.667403655667939,"{'bootstrap': True, 'ccp_alpha': 0.0, 'class_weight': 'balanced', 'criterion': 'gini', 'max_depth': None, 'max_features': 'sqrt', 'max_leaf_nodes': None, 'max_samples': None, 'min_impurity_decrease': 0.0, 'min_samples_leaf': 1, 'min_samples_split': 2, 'min_weight_fraction_leaf': 0.0, 'monotonic_cst': None, 'n_estimators': 50, 'n_jobs': None, 'oob_score': False, 'random_state': 42, 'verbose': 0, 'warm_start': False}",0.18827533721923828
Coffee,4,5,3,2,LinearSVC,HMM_GMM,3,"{'n_components': 1, 'n_mix': 3, 'covariance_type': 'diag'}",0.6366666666666667,0.616972285544895,"{'C': np.float64(183.29807108324337), 'class_weight': 'balanced', 'dual': False, 'fit_intercept': True, 'intercept_scaling': 1, 'loss': 'squared_hinge', 'max_iter': 100, 'multi_class': 'ovr', 'penalty': 'l1', 'random_state': 42, 'tol': 0.0001, 'verbose': 0}",0.025473594665527344
Coffee,4,5,3,2,LogisticRegression,HMM_GMM,3,"{'n_components': 1, 'n_mix': 3, 'covariance_type': 'diag'}",0.6633333333333333,0.661239447652858,"{'C': np.float64(183.29807108324337), 'class_weight': 'balanced', 'dual': False, 'fit_intercept': True, 'intercept_scaling': 1, 'l1_ratio': None, 'max_iter': 100, 'multi_class': 'deprecated', 'n_jobs': None, 'penalty': 'l1', 'random_state': 42, 'solver': 'saga', 'tol': 0.0001, 'verbose': 0, 'warm_start': False}",0.0807945728302002
Coffee,4,5,3,2,KNN,HMM_GMM,4,"{'n_components': 4, 'n_mix': 3, 'covariance_type': 'diag'}",0.7033333333333334,0.6789399358758992,"{'algorithm': 'auto', 'leaf_size': 30, 'metric': 'chebyshev', 'metric_params': None, 'n_jobs': None, 'n_neighbors': np.int64(5), 'p': 2, 'weights': 'uniform'}",0.04630708694458008
Coffee,4,5,3,2,RandomForest,HMM_GMM,4,"{'n_components': 4, 'n_mix': 3, 'covariance_type': 'diag'}",0.66,0.6171161735236727,"{'bootstrap': True, 'ccp_alpha': 0.0, 'class_weight': 'balanced', 'criterion': 'gini', 'max_depth': None, 'max_features': 'sqrt', 'max_leaf_nodes': None, 'max_samples': None, 'min_impurity_decrease': 0.0, 'min_samples_leaf': 1, 'min_samples_split': 2, 'min_weight_fraction_leaf': 0.0, 'monotonic_cst': None, 'n_estimators': 50, 'n_jobs': None, 'oob_score': False, 'random_state': 42, 'verbose': 0, 'warm_start': False}",0.20640301704406738
Coffee,4,5,3,2,LinearSVC,HMM_GMM,4,"{'n_components': 4, 'n_mix': 3, 'covariance_type': 'diag'}",0.6433333333333333,0.6281924524208823,"{'C': np.float64(0.4832930238571752), 'class_weight': 'balanced', 'dual': False, 'fit_intercept': True, 'intercept_scaling': 1, 'loss': 'squared_hinge', 'max_iter': 100, 'multi_class': 'ovr', 'penalty': 'l1', 'random_state': 42, 'tol': 0.0001, 'verbose': 0}",0.026969432830810547
Coffee,4,5,3,2,LogisticRegression,HMM_GMM,4,"{'n_components': 4, 'n_mix': 3, 'covariance_type': 'diag'}",0.6433333333333333,0.6276252568287356,"{'C': np.float64(33.59818286283781), 'class_weight': 'balanced', 'dual': False, 'fit_intercept': True, 'intercept_scaling': 1, 'l1_ratio': None, 'max_iter': 100, 'multi_class': 'deprecated', 'n_jobs': None, 'penalty': 'l1', 'random_state': 42, 'solver': 'saga', 'tol': 0.0001, 'verbose': 0, 'warm_start': False}",0.09933590888977051
Coffee,4,5,3,2,KNN,HMM_GMM,5,"{'n_components': 1, 'n_mix': 1, 'covariance_type': 'tied'}",0.695,0.6929709678704544,"{'algorithm': 'auto', 'leaf_size': 30, 'metric': 'euclidean', 'metric_params': None, 'n_jobs': None, 'n_neighbors': np.int64(9), 'p': 2, 'weights': 'distance'}",0.009387493133544922
Coffee,4,5,3,2,RandomForest,HMM_GMM,5,"{'n_components': 1, 'n_mix': 1, 'covariance_type': 'tied'}",0.6633333333333333,0.661239447652858,"{'bootstrap': True, 'ccp_alpha': 0.0, 'class_weight': None, 'criterion': 'gini', 'max_depth': None, 'max_features': 'sqrt', 'max_leaf_nodes': None, 'max_samples': None, 'min_impurity_decrease': 0.0, 'min_samples_leaf': 4, 'min_samples_split': 2, 'min_weight_fraction_leaf': 0.0, 'monotonic_cst': None, 'n_estimators': 50, 'n_jobs': None, 'oob_score': False, 'random_state': 42, 'verbose': 0, 'warm_start': False}",0.18649697303771973
Coffee,4,5,3,2,LinearSVC,HMM_GMM,5,"{'n_components': 1, 'n_mix': 1, 'covariance_type': 'tied'}",0.7083333333333334,0.7149318649360256,"{'C': np.float64(183.29807108324337), 'class_weight': 'balanced', 'dual': False, 'fit_intercept': True, 'intercept_scaling': 1, 'loss': 'squared_hinge', 'max_iter': 100, 'multi_class': 'ovr', 'penalty': 'l1', 'random_state': 42, 'tol': 0.0001, 'verbose': 0}",0.028113365173339844
Coffee,4,5,3,2,LogisticRegression,HMM_GMM,5,"{'n_components': 1, 'n_mix': 1, 'covariance_type': 'tied'}",0.6783333333333333,0.6840310219506552,"{'C': np.float64(1000.0), 'class_weight': 'balanced', 'dual': False, 'fit_intercept': True, 'intercept_scaling': 1, 'l1_ratio': None, 'max_iter': 100, 'multi_class': 'deprecated', 'n_jobs': None, 'penalty': 'l2', 'random_state': 42, 'solver': 'sag', 'tol': 0.0001, 'verbose': 0, 'warm_start': False}",0.07402610778808594
Coffee,4,5,3,2,KNN,HMM_GMM,6,"{'n_components': 4, 'n_mix': 3, 'covariance_type': 'diag'}",0.7033333333333334,0.6789399358758992,"{'algorithm': 'auto', 'leaf_size': 30, 'metric': 'chebyshev', 'metric_params': None, 'n_jobs': None, 'n_neighbors': np.int64(5), 'p': 2, 'weights': 'uniform'}",0.030233383178710938
Coffee,4,5,3,2,RandomForest,HMM_GMM,6,"{'n_components': 4, 'n_mix': 3, 'covariance_type': 'diag'}",0.66,0.6171161735236727,"{'bootstrap': True, 'ccp_alpha': 0.0, 'class_weight': 'balanced', 'criterion': 'gini', 'max_depth': None, 'max_features': 'sqrt', 'max_leaf_nodes': None, 'max_samples': None, 'min_impurity_decrease': 0.0, 'min_samples_leaf': 1, 'min_samples_split': 2, 'min_weight_fraction_leaf': 0.0, 'monotonic_cst': None, 'n_estimators': 50, 'n_jobs': None, 'oob_score': False, 'random_state': 42, 'verbose': 0, 'warm_start': False}",0.21274924278259277
Coffee,4,5,3,2,LinearSVC,HMM_GMM,6,"{'n_components': 4, 'n_mix': 3, 'covariance_type': 'diag'}",0.6433333333333333,0.6281924524208823,"{'C': np.float64(0.4832930238571752), 'class_weight': 'balanced', 'dual': False, 'fit_intercept': True, 'intercept_scaling': 1, 'loss': 'squared_hinge', 'max_iter': 100, 'multi_class': 'ovr', 'penalty': 'l1', 'random_state': 42, 'tol': 0.0001, 'verbose': 0}",0.027093887329101562
Coffee,4,5,3,2,LogisticRegression,HMM_GMM,6,"{'n_components': 4, 'n_mix': 3, 'covariance_type': 'diag'}",0.6433333333333333,0.6276252568287356,"{'C': np.float64(33.59818286283781), 'class_weight': 'balanced', 'dual': False, 'fit_intercept': True, 'intercept_scaling': 1, 'l1_ratio': None, 'max_iter': 100, 'multi_class': 'deprecated', 'n_jobs': None, 'penalty': 'l1', 'random_state': 42, 'solver': 'saga', 'tol': 0.0001, 'verbose': 0, 'warm_start': False}",0.1082913875579834
Coffee,4,5,3,2,KNN,HMM_GMM,7,"{'n_components': 2, 'n_mix': 5, 'covariance_type': 'diag'}",0.7116666666666667,0.6887794159296518,"{'algorithm': 'auto', 'leaf_size': 30, 'metric': 'chebyshev', 'metric_params': None, 'n_jobs': None, 'n_neighbors': np.int64(5), 'p': 2, 'weights': 'uniform'}",0.029502153396606445
Coffee,4,5,3,2,RandomForest,HMM_GMM,7,"{'n_components': 2, 'n_mix': 5, 'covariance_type': 'diag'}",0.6666666666666666,0.6666666666666666,"{'bootstrap': True, 'ccp_alpha': 0.0, 'class_weight': None, 'criterion': 'gini', 'max_depth': None, 'max_features': 'sqrt', 'max_leaf_nodes': None, 'max_samples': None, 'min_impurity_decrease': 0.0, 'min_samples_leaf': 4, 'min_samples_split': 2, 'min_weight_fraction_leaf': 0.0, 'monotonic_cst': None, 'n_estimators': 50, 'n_jobs': None, 'oob_score': False, 'random_state': 42, 'verbose': 0, 'warm_start': False}",0.21213722229003906
Coffee,4,5,3,2,LinearSVC,HMM_GMM,7,"{'n_components': 2, 'n_mix': 5, 'covariance_type': 'diag'}",0.6516666666666666,0.6420682762315089,"{'C': np.float64(33.59818286283781), 'class_weight': 'balanced', 'dual': False, 'fit_intercept': True, 'intercept_scaling': 1, 'loss': 'squared_hinge', 'max_iter': 100, 'multi_class': 'ovr', 'penalty': 'l1', 'random_state': 42, 'tol': 0.0001, 'verbose': 0}",0.030457735061645508
Coffee,4,5,3,2,LogisticRegression,HMM_GMM,7,"{'n_components': 2, 'n_mix': 5, 'covariance_type': 'diag'}",0.6616666666666666,0.6585177707912737,"{'C': np.float64(33.59818286283781), 'class_weight': 'balanced', 'dual': False, 'fit_intercept': True, 'intercept_scaling': 1, 'l1_ratio': None, 'max_iter': 100, 'multi_class': 'deprecated', 'n_jobs': None, 'penalty': 'l1', 'random_state': 42, 'solver': 'saga', 'tol': 0.0001, 'verbose': 0, 'warm_start': False}",0.10816216468811035
Coffee,4,5,3,2,KNN,HMM_GMM,8,"{'n_components': 1, 'n_mix': 3, 'covariance_type': 'full'}",0.715,0.6958587732564968,"{'algorithm': 'auto', 'leaf_size': 30, 'metric': 'chebyshev', 'metric_params': None, 'n_jobs': None, 'n_neighbors': np.int64(5), 'p': 2, 'weights': 'uniform'}",0.0287015438079834
Coffee,4,5,3,2,RandomForest,HMM_GMM,8,"{'n_components': 1, 'n_mix': 3, 'covariance_type': 'full'}",0.655,0.6469807958003074,"{'bootstrap': True, 'ccp_alpha': 0.0, 'class_weight': 'balanced', 'criterion': 'gini', 'max_depth': None, 'max_features': 'sqrt', 'max_leaf_nodes': None, 'max_samples': None, 'min_impurity_decrease': 0.0, 'min_samples_leaf': 1, 'min_samples_split': 2, 'min_weight_fraction_leaf': 0.0, 'monotonic_cst': None, 'n_estimators': 50, 'n_jobs': None, 'oob_score': False, 'random_state': 42, 'verbose': 0, 'warm_start': False}",0.2086167335510254
Coffee,4,5,3,2,LinearSVC,HMM_GMM,8,"{'n_components': 1, 'n_mix': 3, 'covariance_type': 'full'}",0.845,0.8543422106957206,"{'C': np.float64(1000.0), 'class_weight': 'balanced', 'dual': False, 'fit_intercept': True, 'intercept_scaling': 1, 'loss': 'squared_hinge', 'max_iter': 100, 'multi_class': 'ovr', 'penalty': 'l2', 'random_state': 42, 'tol': 0.001, 'verbose': 0}",0.008842706680297852
Coffee,4,5,3,2,LogisticRegression,HMM_GMM,8,"{'n_components': 1, 'n_mix': 3, 'covariance_type': 'full'}",0.7333333333333333,0.7435523577483377,"{'C': np.float64(2.6366508987303554), 'class_weight': 'balanced', 'dual': False, 'fit_intercept': True, 'intercept_scaling': 1, 'l1_ratio': None, 'max_iter': 100, 'multi_class': 'deprecated', 'n_jobs': None, 'penalty': 'l1', 'random_state': 42, 'solver': 'saga', 'tol': 0.0001, 'verbose': 0, 'warm_start': False}",0.09633064270019531
Coffee,4,5,3,2,KNN,HMM_GMM,9,"{'n_components': 5, 'n_mix': 1, 'covariance_type': 'diag'}",0.7,0.6746031746031746,"{'algorithm': 'auto', 'leaf_size': 30, 'metric': 'chebyshev', 'metric_params': None, 'n_jobs': None, 'n_neighbors': np.int64(5), 'p': 2, 'weights': 'uniform'}",0.030676841735839844
Coffee,4,5,3,2,RandomForest,HMM_GMM,9,"{'n_components': 5, 'n_mix': 1, 'covariance_type': 'diag'}",0.7333333333333333,0.7435344069976153,"{'bootstrap': True, 'ccp_alpha': 0.0, 'class_weight': None, 'criterion': 'gini', 'max_depth': None, 'max_features': 'sqrt', 'max_leaf_nodes': None, 'max_samples': None, 'min_impurity_decrease': 0.0, 'min_samples_leaf': 4, 'min_samples_split': 2, 'min_weight_fraction_leaf': 0.0, 'monotonic_cst': None, 'n_estimators': 50, 'n_jobs': None, 'oob_score': False, 'random_state': 42, 'verbose': 0, 'warm_start': False}",0.16309690475463867
Coffee,4,5,3,2,LinearSVC,HMM_GMM,9,"{'n_components': 5, 'n_mix': 1, 'covariance_type': 'diag'}",0.6283333333333333,0.6027861910106957,"{'C': np.float64(33.59818286283781), 'class_weight': 'balanced', 'dual': False, 'fit_intercept': True, 'intercept_scaling': 1, 'loss': 'squared_hinge', 'max_iter': 100, 'multi_class': 'ovr', 'penalty': 'l1', 'random_state': 42, 'tol': 0.0001, 'verbose': 0}",0.02419424057006836
Coffee,4,5,3,2,LogisticRegression,HMM_GMM,9,"{'n_components': 5, 'n_mix': 1, 'covariance_type': 'diag'}",0.6566666666666666,0.6503192384953281,"{'C': np.float64(2.6366508987303554), 'class_weight': 'balanced', 'dual': False, 'fit_intercept': True, 'intercept_scaling': 1, 'l1_ratio': None, 'max_iter': 100, 'multi_class': 'deprecated', 'n_jobs': None, 'penalty': 'l1', 'random_state': 42, 'solver': 'saga', 'tol': 0.0001, 'verbose': 0, 'warm_start': False}",0.107421875
Coffee,4,5,3,2,KNN,HMM_GMM,10,"{'n_components': 3, 'n_mix': 5, 'covariance_type': 'diag'}",0.71,0.6875329012807975,"{'algorithm': 'auto', 'leaf_size': 30, 'metric': 'chebyshev', 'metric_params': None, 'n_jobs': None, 'n_neighbors': np.int64(5), 'p': 2, 'weights': 'uniform'}",0.026088476181030273
Coffee,4,5,3,2,RandomForest,HMM_GMM,10,"{'n_components': 3, 'n_mix': 5, 'covariance_type': 'diag'}",0.6583333333333333,0.6203306764112619,"{'bootstrap': True, 'ccp_alpha': 0.0, 'class_weight': 'balanced', 'criterion': 'gini', 'max_depth': 30, 'max_features': 'sqrt', 'max_leaf_nodes': None, 'max_samples': None, 'min_impurity_decrease': 0.0, 'min_samples_leaf': 1, 'min_samples_split': 2, 'min_weight_fraction_leaf': 0.0, 'monotonic_cst': None, 'n_estimators': 150, 'n_jobs': None, 'oob_score': False, 'random_state': 42, 'verbose': 0, 'warm_start': False}",0.560699462890625
Coffee,4,5,3,2,LinearSVC,HMM_GMM,10,"{'n_components': 3, 'n_mix': 5, 'covariance_type': 'diag'}",0.6766666666666666,0.6719864051776595,"{'C': np.float64(183.29807108324337), 'class_weight': 'balanced', 'dual': False, 'fit_intercept': True, 'intercept_scaling': 1, 'loss': 'squared_hinge', 'max_iter': 100, 'multi_class': 'ovr', 'penalty': 'l1', 'random_state': 42, 'tol': 0.0001, 'verbose': 0}",0.023823022842407227
Coffee,4,5,3,2,LogisticRegression,HMM_GMM,10,"{'n_components': 3, 'n_mix': 5, 'covariance_type': 'diag'}",0.6566666666666666,0.6502634223222458,"{'C': np.float64(33.59818286283781), 'class_weight': 'balanced', 'dual': False, 'fit_intercept': True, 'intercept_scaling': 1, 'l1_ratio': None, 'max_iter': 100, 'multi_class': 'deprecated', 'n_jobs': None, 'penalty': 'l2', 'random_state': 42, 'solver': 'saga', 'tol': 0.0001, 'verbose': 0, 'warm_start': False}",0.08393645286560059
Coffee,4,5,3,3,KNN,HMM_GMM,1,"{'n_components': 2, 'n_mix': 1, 'covariance_type': 'diag'}",0.6983333333333334,0.670830101021082,"{'algorithm': 'auto', 'leaf_size': 30, 'metric': 'euclidean', 'metric_params': None, 'n_jobs': None, 'n_neighbors': np.int64(9), 'p': 2, 'weights': 'distance'}",0.013854503631591797
Coffee,4,5,3,3,RandomForest,HMM_GMM,1,"{'n_components': 2, 'n_mix': 1, 'covariance_type': 'diag'}",0.6666666666666666,0.6362408388166694,"{'bootstrap': True, 'ccp_alpha': 0.0, 'class_weight': None, 'criterion': 'gini', 'max_depth': None, 'max_features': 'sqrt', 'max_leaf_nodes': None, 'max_samples': None, 'min_impurity_decrease': 0.0, 'min_samples_leaf': 4, 'min_samples_split': 2, 'min_weight_fraction_leaf': 0.0, 'monotonic_cst': None, 'n_estimators': 50, 'n_jobs': None, 'oob_score': False, 'random_state': 42, 'verbose': 0, 'warm_start': False}",0.20713090896606445
Coffee,4,5,3,3,LinearSVC,HMM_GMM,1,"{'n_components': 2, 'n_mix': 1, 'covariance_type': 'diag'}",0.65,0.6393058161350844,"{'C': np.float64(1000.0), 'class_weight': 'balanced', 'dual': False, 'fit_intercept': True, 'intercept_scaling': 1, 'loss': 'squared_hinge', 'max_iter': 100, 'multi_class': 'ovr', 'penalty': 'l2', 'random_state': 42, 'tol': 0.001, 'verbose': 0}",0.009307622909545898
Coffee,4,5,3,3,LogisticRegression,HMM_GMM,1,"{'n_components': 2, 'n_mix': 1, 'covariance_type': 'diag'}",0.6616666666666666,0.6585177707912737,"{'C': np.float64(0.4832930238571752), 'class_weight': 'balanced', 'dual': False, 'fit_intercept': True, 'intercept_scaling': 1, 'l1_ratio': None, 'max_iter': 100, 'multi_class': 'deprecated', 'n_jobs': None, 'penalty': 'l1', 'random_state': 42, 'solver': 'saga', 'tol': 0.0001, 'verbose': 0, 'warm_start': False}",0.13631224632263184
Coffee,4,5,3,3,KNN,HMM_GMM,2,"{'n_components': 2, 'n_mix': 4, 'covariance_type': 'tied'}",0.6916666666666667,0.6659398056091196,"{'algorithm': 'auto', 'leaf_size': 30, 'metric': 'minkowski', 'metric_params': None, 'n_jobs': None, 'n_neighbors': np.int64(13), 'p': 4, 'weights': 'distance'}",0.030947446823120117
Coffee,4,5,3,3,RandomForest,HMM_GMM,2,"{'n_components': 2, 'n_mix': 4, 'covariance_type': 'tied'}",0.6683333333333333,0.6656908000517392,"{'bootstrap': True, 'ccp_alpha': 0.0, 'class_weight': None, 'criterion': 'gini', 'max_depth': 30, 'max_features': 'sqrt', 'max_leaf_nodes': None, 'max_samples': None, 'min_impurity_decrease': 0.0, 'min_samples_leaf': 4, 'min_samples_split': 2, 'min_weight_fraction_leaf': 0.0, 'monotonic_cst': None, 'n_estimators': 50, 'n_jobs': None, 'oob_score': False, 'random_state': 42, 'verbose': 0, 'warm_start': False}",0.1945209503173828
Coffee,4,5,3,3,LinearSVC,HMM_GMM,2,"{'n_components': 2, 'n_mix': 4, 'covariance_type': 'tied'}",0.64,0.6187764679166742,"{'C': np.float64(33.59818286283781), 'class_weight': None, 'dual': False, 'fit_intercept': True, 'intercept_scaling': 1, 'loss': 'squared_hinge', 'max_iter': 100, 'multi_class': 'ovr', 'penalty': 'l1', 'random_state': 42, 'tol': 0.001, 'verbose': 0}",0.03536701202392578
Coffee,4,5,3,3,LogisticRegression,HMM_GMM,2,"{'n_components': 2, 'n_mix': 4, 'covariance_type': 'tied'}",0.6116666666666667,0.6091641508441076,"{'C': np.float64(33.59818286283781), 'class_weight': 'balanced', 'dual': False, 'fit_intercept': True, 'intercept_scaling': 1, 'l1_ratio': None, 'max_iter': 100, 'multi_class': 'deprecated', 'n_jobs': None, 'penalty': 'l2', 'random_state': 42, 'solver': 'saga', 'tol': 0.0001, 'verbose': 0, 'warm_start': False}",0.11342453956604004
Coffee,4,5,3,3,KNN,HMM_GMM,3,"{'n_components': 1, 'n_mix': 3, 'covariance_type': 'diag'}",0.6966666666666667,0.6679429245218719,"{'algorithm': 'auto', 'leaf_size': 30, 'metric': 'minkowski', 'metric_params': None, 'n_jobs': None, 'n_neighbors': np.int64(13), 'p': 4, 'weights': 'distance'}",0.037415504455566406
Coffee,4,5,3,3,RandomForest,HMM_GMM,3,"{'n_components': 1, 'n_mix': 3, 'covariance_type': 'diag'}",0.6666666666666666,0.6316934851417609,"{'bootstrap': True, 'ccp_alpha': 0.0, 'class_weight': None, 'criterion': 'gini', 'max_depth': None, 'max_features': 'sqrt', 'max_leaf_nodes': None, 'max_samples': None, 'min_impurity_decrease': 0.0, 'min_samples_leaf': 4, 'min_samples_split': 2, 'min_weight_fraction_leaf': 0.0, 'monotonic_cst': None, 'n_estimators': 50, 'n_jobs': None, 'oob_score': False, 'random_state': 42, 'verbose': 0, 'warm_start': False}",0.20157289505004883
Coffee,4,5,3,3,LinearSVC,HMM_GMM,3,"{'n_components': 1, 'n_mix': 3, 'covariance_type': 'diag'}",0.6316666666666667,0.6084828600496786,"{'C': np.float64(33.59818286283781), 'class_weight': None, 'dual': False, 'fit_intercept': True, 'intercept_scaling': 1, 'loss': 'squared_hinge', 'max_iter': 100, 'multi_class': 'ovr', 'penalty': 'l1', 'random_state': 42, 'tol': 0.001, 'verbose': 0}",0.023293256759643555
Coffee,4,5,3,3,LogisticRegression,HMM_GMM,3,"{'n_components': 1, 'n_mix': 3, 'covariance_type': 'diag'}",0.66,0.6557905790579058,"{'C': np.float64(183.29807108324337), 'class_weight': 'balanced', 'dual': False, 'fit_intercept': True, 'intercept_scaling': 1, 'l1_ratio': None, 'max_iter': 100, 'multi_class': 'deprecated', 'n_jobs': None, 'penalty': 'l1', 'random_state': 42, 'solver': 'saga', 'tol': 0.0001, 'verbose': 0, 'warm_start': False}",0.057352304458618164
Coffee,4,5,3,3,KNN,HMM_GMM,4,"{'n_components': 4, 'n_mix': 3, 'covariance_type': 'diag'}",0.6983333333333334,0.670830101021082,"{'algorithm': 'auto', 'leaf_size': 30, 'metric': 'minkowski', 'metric_params': None, 'n_jobs': None, 'n_neighbors': np.int64(13), 'p': 4, 'weights': 'distance'}",0.036565542221069336
Coffee,4,5,3,3,RandomForest,HMM_GMM,4,"{'n_components': 4, 'n_mix': 3, 'covariance_type': 'diag'}",0.6683333333333333,0.6306985295907115,"{'bootstrap': True, 'ccp_alpha': 0.0, 'class_weight': 'balanced', 'criterion': 'gini', 'max_depth': 30, 'max_features': 'sqrt', 'max_leaf_nodes': None, 'max_samples': None, 'min_impurity_decrease': 0.0, 'min_samples_leaf': 1, 'min_samples_split': 2, 'min_weight_fraction_leaf': 0.0, 'monotonic_cst': None, 'n_estimators': 150, 'n_jobs': None, 'oob_score': False, 'random_state': 42, 'verbose': 0, 'warm_start': False}",0.5996835231781006
Coffee,4,5,3,3,LinearSVC,HMM_GMM,4,"{'n_components': 4, 'n_mix': 3, 'covariance_type': 'diag'}",0.645,0.6304095819821434,"{'C': np.float64(0.2069138081114788), 'class_weight': 'balanced', 'dual': False, 'fit_intercept': True, 'intercept_scaling': 1, 'loss': 'squared_hinge', 'max_iter': 100, 'multi_class': 'ovr', 'penalty': 'l2', 'random_state': 42, 'tol': 0.001, 'verbose': 0}",0.011790752410888672
Coffee,4,5,3,3,LogisticRegression,HMM_GMM,4,"{'n_components': 4, 'n_mix': 3, 'covariance_type': 'diag'}",0.6433333333333333,0.6276252568287356,"{'C': np.float64(33.59818286283781), 'class_weight': None, 'dual': False, 'fit_intercept': True, 'intercept_scaling': 1, 'l1_ratio': None, 'max_iter': 100, 'multi_class': 'deprecated', 'n_jobs': None, 'penalty': 'l2', 'random_state': 42, 'solver': 'saga', 'tol': 0.0001, 'verbose': 0, 'warm_start': False}",0.10800814628601074
Coffee,4,5,3,3,KNN,HMM_GMM,5,"{'n_components': 1, 'n_mix': 1, 'covariance_type': 'tied'}",0.6933333333333334,0.688900101432457,"{'algorithm': 'auto', 'leaf_size': 30, 'metric': 'chebyshev', 'metric_params': None, 'n_jobs': None, 'n_neighbors': np.int64(5), 'p': 2, 'weights': 'uniform'}",0.03197169303894043
Coffee,4,5,3,3,RandomForest,HMM_GMM,5,"{'n_components': 1, 'n_mix': 1, 'covariance_type': 'tied'}",0.6566666666666666,0.6503192384953281,"{'bootstrap': True, 'ccp_alpha': 0.0, 'class_weight': 'balanced', 'criterion': 'gini', 'max_depth': None, 'max_features': 'sqrt', 'max_leaf_nodes': None, 'max_samples': None, 'min_impurity_decrease': 0.0, 'min_samples_leaf': 1, 'min_samples_split': 2, 'min_weight_fraction_leaf': 0.0, 'monotonic_cst': None, 'n_estimators': 50, 'n_jobs': None, 'oob_score': False, 'random_state': 42, 'verbose': 0, 'warm_start': False}",0.2170426845550537
Coffee,4,5,3,3,LinearSVC,HMM_GMM,5,"{'n_components': 1, 'n_mix': 1, 'covariance_type': 'tied'}",0.7233333333333334,0.7319417514712486,"{'C': np.float64(33.59818286283781), 'class_weight': None, 'dual': False, 'fit_intercept': True, 'intercept_scaling': 1, 'loss': 'squared_hinge', 'max_iter': 100, 'multi_class': 'ovr', 'penalty': 'l1', 'random_state': 42, 'tol': 0.001, 'verbose': 0}",0.04355287551879883
Coffee,4,5,3,3,LogisticRegression,HMM_GMM,5,"{'n_components': 1, 'n_mix': 1, 'covariance_type': 'tied'}",0.67,0.6733411719204137,"{'C': np.float64(33.59818286283781), 'class_weight': None, 'dual': False, 'fit_intercept': True, 'intercept_scaling': 1, 'l1_ratio': None, 'max_iter': 100, 'multi_class': 'deprecated', 'n_jobs': None, 'penalty': 'l2', 'random_state': 42, 'solver': 'saga', 'tol': 0.0001, 'verbose': 0, 'warm_start': False}",0.1086416244506836
Coffee,4,5,3,3,KNN,HMM_GMM,6,"{'n_components': 4, 'n_mix': 3, 'covariance_type': 'diag'}",0.6983333333333334,0.670830101021082,"{'algorithm': 'auto', 'leaf_size': 30, 'metric': 'minkowski', 'metric_params': None, 'n_jobs': None, 'n_neighbors': np.int64(13), 'p': 4, 'weights': 'distance'}",0.034576416015625
Coffee,4,5,3,3,RandomForest,HMM_GMM,6,"{'n_components': 4, 'n_mix': 3, 'covariance_type': 'diag'}",0.6683333333333333,0.6306985295907115,"{'bootstrap': True, 'ccp_alpha': 0.0, 'class_weight': 'balanced', 'criterion': 'gini', 'max_depth': 30, 'max_features': 'sqrt', 'max_leaf_nodes': None, 'max_samples': None, 'min_impurity_decrease': 0.0, 'min_samples_leaf': 1, 'min_samples_split': 2, 'min_weight_fraction_leaf': 0.0, 'monotonic_cst': None, 'n_estimators': 150, 'n_jobs': None, 'oob_score': False, 'random_state': 42, 'verbose': 0, 'warm_start': False}",0.6379625797271729
Coffee,4,5,3,3,LinearSVC,HMM_GMM,6,"{'n_components': 4, 'n_mix': 3, 'covariance_type': 'diag'}",0.645,0.6304095819821434,"{'C': np.float64(0.2069138081114788), 'class_weight': 'balanced', 'dual': False, 'fit_intercept': True, 'intercept_scaling': 1, 'loss': 'squared_hinge', 'max_iter': 100, 'multi_class': 'ovr', 'penalty': 'l2', 'random_state': 42, 'tol': 0.0001, 'verbose': 0}",0.016584157943725586
Coffee,4,5,3,3,LogisticRegression,HMM_GMM,6,"{'n_components': 4, 'n_mix': 3, 'covariance_type': 'diag'}",0.6433333333333333,0.6276252568287356,"{'C': np.float64(33.59818286283781), 'class_weight': None, 'dual': False, 'fit_intercept': True, 'intercept_scaling': 1, 'l1_ratio': None, 'max_iter': 100, 'multi_class': 'deprecated', 'n_jobs': None, 'penalty': 'l2', 'random_state': 42, 'solver': 'saga', 'tol': 0.0001, 'verbose': 0, 'warm_start': False}",0.13408660888671875
Coffee,4,5,3,3,KNN,HMM_GMM,7,"{'n_components': 2, 'n_mix': 5, 'covariance_type': 'diag'}",0.7016666666666667,0.675703700520131,"{'algorithm': 'auto', 'leaf_size': 30, 'metric': 'minkowski', 'metric_params': None, 'n_jobs': None, 'n_neighbors': np.int64(13), 'p': 4, 'weights': 'distance'}",0.03313899040222168
Coffee,4,5,3,3,RandomForest,HMM_GMM,7,"{'n_components': 2, 'n_mix': 5, 'covariance_type': 'diag'}",0.665,0.6633374480978566,"{'bootstrap': True, 'ccp_alpha': 0.0, 'class_weight': 'balanced', 'criterion': 'gini', 'max_depth': None, 'max_features': 'sqrt', 'max_leaf_nodes': None, 'max_samples': None, 'min_impurity_decrease': 0.0, 'min_samples_leaf': 4, 'min_samples_split': 2, 'min_weight_fraction_leaf': 0.0, 'monotonic_cst': None, 'n_estimators': 50, 'n_jobs': None, 'oob_score': False, 'random_state': 42, 'verbose': 0, 'warm_start': False}",0.20432043075561523
Coffee,4,5,3,3,LinearSVC,HMM_GMM,7,"{'n_components': 2, 'n_mix': 5, 'covariance_type': 'diag'}",0.6466666666666666,0.6337620525139293,"{'C': np.float64(33.59818286283781), 'class_weight': None, 'dual': False, 'fit_intercept': True, 'intercept_scaling': 1, 'loss': 'squared_hinge', 'max_iter': 100, 'multi_class': 'ovr', 'penalty': 'l1', 'random_state': 42, 'tol': 0.001, 'verbose': 0}",0.034400224685668945
Coffee,4,5,3,3,LogisticRegression,HMM_GMM,7,"{'n_components': 2, 'n_mix': 5, 'covariance_type': 'diag'}",0.6583333333333333,0.6530577694431421,"{'C': np.float64(33.59818286283781), 'class_weight': 'balanced', 'dual': False, 'fit_intercept': True, 'intercept_scaling': 1, 'l1_ratio': None, 'max_iter': 100, 'multi_class': 'deprecated', 'n_jobs': None, 'penalty': 'l1', 'random_state': 42, 'solver': 'saga', 'tol': 0.0001, 'verbose': 0, 'warm_start': False}",0.1469132900238037
Coffee,4,5,3,3,KNN,HMM_GMM,8,"{'n_components': 1, 'n_mix': 3, 'covariance_type': 'full'}",0.7183333333333334,0.6995865716526158,"{'algorithm': 'auto', 'leaf_size': 30, 'metric': 'minkowski', 'metric_params': None, 'n_jobs': None, 'n_neighbors': np.int64(13), 'p': 4, 'weights': 'distance'}",0.03565216064453125
Coffee,4,5,3,3,RandomForest,HMM_GMM,8,"{'n_components': 1, 'n_mix': 3, 'covariance_type': 'full'}",0.6533333333333333,0.6448245965052687,"{'bootstrap': True, 'ccp_alpha': 0.0, 'class_weight': None, 'criterion': 'gini', 'max_depth': 30, 'max_features': 'sqrt', 'max_leaf_nodes': None, 'max_samples': None, 'min_impurity_decrease': 0.0, 'min_samples_leaf': 4, 'min_samples_split': 2, 'min_weight_fraction_leaf': 0.0, 'monotonic_cst': None, 'n_estimators': 50, 'n_jobs': None, 'oob_score': False, 'random_state': 42, 'verbose': 0, 'warm_start': False}",0.2233569622039795
Coffee,4,5,3,3,LinearSVC,HMM_GMM,8,"{'n_components': 1, 'n_mix': 3, 'covariance_type': 'full'}",0.8516666666666667,0.8606450449211966,"{'C': np.float64(1000.0), 'class_weight': 'balanced', 'dual': False, 'fit_intercept': True, 'intercept_scaling': 1, 'loss': 'squared_hinge', 'max_iter': 100, 'multi_class': 'ovr', 'penalty': 'l2', 'random_state': 42, 'tol': 0.001, 'verbose': 0}",0.014807939529418945
Coffee,4,5,3,3,LogisticRegression,HMM_GMM,8,"{'n_components': 1, 'n_mix': 3, 'covariance_type': 'full'}",0.785,0.796379691650438,"{'C': np.float64(33.59818286283781), 'class_weight': None, 'dual': False, 'fit_intercept': True, 'intercept_scaling': 1, 'l1_ratio': None, 'max_iter': 100, 'multi_class': 'deprecated', 'n_jobs': None, 'penalty': 'l2', 'random_state': 42, 'solver': 'saga', 'tol': 0.0001, 'verbose': 0, 'warm_start': False}",0.12228631973266602
Coffee,4,5,3,3,KNN,HMM_GMM,9,"{'n_components': 5, 'n_mix': 1, 'covariance_type': 'diag'}",0.7,0.6746031746031746,"{'algorithm': 'auto', 'leaf_size': 30, 'metric': 'chebyshev', 'metric_params': None, 'n_jobs': None, 'n_neighbors': np.int64(5), 'p': 2, 'weights': 'uniform'}",0.027794599533081055
Coffee,4,5,3,3,RandomForest,HMM_GMM,9,"{'n_components': 5, 'n_mix': 1, 'covariance_type': 'diag'}",0.6733333333333333,0.6695567568545865,"{'bootstrap': True, 'ccp_alpha': 0.0, 'class_weight': 'balanced', 'criterion': 'gini', 'max_depth': None, 'max_features': 'sqrt', 'max_leaf_nodes': None, 'max_samples': None, 'min_impurity_decrease': 0.0, 'min_samples_leaf': 2, 'min_samples_split': 2, 'min_weight_fraction_leaf': 0.0, 'monotonic_cst': None, 'n_estimators': 150, 'n_jobs': None, 'oob_score': False, 'random_state': 42, 'verbose': 0, 'warm_start': False}",0.5606536865234375
Coffee,4,5,3,3,LinearSVC,HMM_GMM,9,"{'n_components': 5, 'n_mix': 1, 'covariance_type': 'diag'}",0.6216666666666667,0.5912998390583765,"{'C': np.float64(1000.0), 'class_weight': 'balanced', 'dual': False, 'fit_intercept': True, 'intercept_scaling': 1, 'loss': 'squared_hinge', 'max_iter': 100, 'multi_class': 'ovr', 'penalty': 'l2', 'random_state': 42, 'tol': 0.001, 'verbose': 0}",0.010101556777954102
Coffee,4,5,3,3,LogisticRegression,HMM_GMM,9,"{'n_components': 5, 'n_mix': 1, 'covariance_type': 'diag'}",0.6516666666666666,0.6420682762315089,"{'C': np.float64(2.6366508987303554), 'class_weight': 'balanced', 'dual': False, 'fit_intercept': True, 'intercept_scaling': 1, 'l1_ratio': None, 'max_iter': 100, 'multi_class': 'deprecated', 'n_jobs': None, 'penalty': 'l1', 'random_state': 42, 'solver': 'saga', 'tol': 0.0001, 'verbose': 0, 'warm_start': False}",0.13982462882995605
Coffee,4,5,3,3,KNN,HMM_GMM,10,"{'n_components': 3, 'n_mix': 5, 'covariance_type': 'diag'}",0.71,0.6875329012807975,"{'algorithm': 'auto', 'leaf_size': 30, 'metric': 'chebyshev', 'metric_params': None, 'n_jobs': None, 'n_neighbors': np.int64(5), 'p': 2, 'weights': 'uniform'}",0.026038169860839844
Coffee,4,5,3,3,RandomForest,HMM_GMM,10,"{'n_components': 3, 'n_mix': 5, 'covariance_type': 'diag'}",0.6633333333333333,0.6270229953362942,"{'bootstrap': True, 'ccp_alpha': 0.0, 'class_weight': None, 'criterion': 'gini', 'max_depth': None, 'max_features': 'sqrt', 'max_leaf_nodes': None, 'max_samples': None, 'min_impurity_decrease': 0.0, 'min_samples_leaf': 4, 'min_samples_split': 2, 'min_weight_fraction_leaf': 0.0, 'monotonic_cst': None, 'n_estimators': 50, 'n_jobs': None, 'oob_score': False, 'random_state': 42, 'verbose': 0, 'warm_start': False}",0.2153618335723877
Coffee,4,5,3,3,LinearSVC,HMM_GMM,10,"{'n_components': 3, 'n_mix': 5, 'covariance_type': 'diag'}",0.6766666666666666,0.6704071805013719,"{'C': np.float64(0.4832930238571752), 'class_weight': 'balanced', 'dual': False, 'fit_intercept': True, 'intercept_scaling': 1, 'loss': 'squared_hinge', 'max_iter': 100, 'multi_class': 'ovr', 'penalty': 'l2', 'random_state': 42, 'tol': 0.0001, 'verbose': 0}",0.015549421310424805
Coffee,4,5,3,3,LogisticRegression,HMM_GMM,10,"{'n_components': 3, 'n_mix': 5, 'covariance_type': 'diag'}",0.665,0.659412169708264,"{'C': np.float64(183.29807108324337), 'class_weight': None, 'dual': False, 'fit_intercept': True, 'intercept_scaling': 1, 'l1_ratio': None, 'max_iter': 100, 'multi_class': 'deprecated', 'n_jobs': None, 'penalty': 'l2', 'random_state': 42, 'solver': 'saga', 'tol': 0.0001, 'verbose': 0, 'warm_start': False}",0.1222372055053711
Coffee,4,5,3,5,KNN,HMM_GMM,1,"{'n_components': 2, 'n_mix': 1, 'covariance_type': 'diag'}",0.7066666666666667,0.681417614645267,"{'algorithm': 'auto', 'leaf_size': 30, 'metric': 'euclidean', 'metric_params': None, 'n_jobs': None, 'n_neighbors': np.int64(15), 'p': 2, 'weights': 'distance'}",0.01944875717163086
Coffee,4,5,3,5,RandomForest,HMM_GMM,1,"{'n_components': 2, 'n_mix': 1, 'covariance_type': 'diag'}",0.68,0.6546371364898168,"{'bootstrap': True, 'ccp_alpha': 0.0, 'class_weight': None, 'criterion': 'gini', 'max_depth': None, 'max_features': 'sqrt', 'max_leaf_nodes': None, 'max_samples': None, 'min_impurity_decrease': 0.0, 'min_samples_leaf': 4, 'min_samples_split': 2, 'min_weight_fraction_leaf': 0.0, 'monotonic_cst': None, 'n_estimators': 50, 'n_jobs': None, 'oob_score': False, 'random_state': 42, 'verbose': 0, 'warm_start': False}",0.26809096336364746
Coffee,4,5,3,5,LinearSVC,HMM_GMM,1,"{'n_components': 2, 'n_mix': 1, 'covariance_type': 'diag'}",0.65,0.6393058161350844,"{'C': np.float64(2.6366508987303554), 'class_weight': 'balanced', 'dual': False, 'fit_intercept': True, 'intercept_scaling': 1, 'loss': 'squared_hinge', 'max_iter': 100, 'multi_class': 'ovr', 'penalty': 'l1', 'random_state': 42, 'tol': 0.0001, 'verbose': 0}",0.03611111640930176
Coffee,4,5,3,5,LogisticRegression,HMM_GMM,1,"{'n_components': 2, 'n_mix': 1, 'covariance_type': 'diag'}",0.6633333333333333,0.662087488898844,"{'C': np.float64(0.002976351441631319), 'class_weight': None, 'dual': False, 'fit_intercept': True, 'intercept_scaling': 1, 'l1_ratio': None, 'max_iter': 100, 'multi_class': 'deprecated', 'n_jobs': None, 'penalty': 'l2', 'random_state': 42, 'solver': 'saga', 'tol': 0.0001, 'verbose': 0, 'warm_start': False}",0.031527042388916016
Coffee,4,5,3,5,KNN,HMM_GMM,2,"{'n_components': 2, 'n_mix': 4, 'covariance_type': 'tied'}",0.7016666666666667,0.6773110101306802,"{'algorithm': 'auto', 'leaf_size': 30, 'metric': 'minkowski', 'metric_params': None, 'n_jobs': None, 'n_neighbors': np.int64(5), 'p': 3, 'weights': 'distance'}",0.03978776931762695
Coffee,4,5,3,5,RandomForest,HMM_GMM,2,"{'n_components': 2, 'n_mix': 4, 'covariance_type': 'tied'}",0.6666666666666666,0.6595352483902178,"{'bootstrap': True, 'ccp_alpha': 0.0, 'class_weight': None, 'criterion': 'gini', 'max_depth': None, 'max_features': 'sqrt', 'max_leaf_nodes': None, 'max_samples': None, 'min_impurity_decrease': 0.0, 'min_samples_leaf': 4, 'min_samples_split': 2, 'min_weight_fraction_leaf': 0.0, 'monotonic_cst': None, 'n_estimators': 50, 'n_jobs': None, 'oob_score': False, 'random_state': 42, 'verbose': 0, 'warm_start': False}",0.226670503616333
Coffee,4,5,3,5,LinearSVC,HMM_GMM,2,"{'n_components': 2, 'n_mix': 4, 'covariance_type': 'tied'}",0.6283333333333333,0.6070730627962974,"{'C': np.float64(33.59818286283781), 'class_weight': None, 'dual': False, 'fit_intercept': True, 'intercept_scaling': 1, 'loss': 'squared_hinge', 'max_iter': 100, 'multi_class': 'ovr', 'penalty': 'l1', 'random_state': 42, 'tol': 0.001, 'verbose': 0}",0.0574948787689209
Coffee,4,5,3,5,LogisticRegression,HMM_GMM,2,"{'n_components': 2, 'n_mix': 4, 'covariance_type': 'tied'}",0.605,0.5985814133830171,"{'C': np.float64(183.29807108324337), 'class_weight': None, 'dual': False, 'fit_intercept': True, 'intercept_scaling': 1, 'l1_ratio': None, 'max_iter': 100, 'multi_class': 'deprecated', 'n_jobs': None, 'penalty': 'l2', 'random_state': 42, 'solver': 'saga', 'tol': 0.0001, 'verbose': 0, 'warm_start': False}",0.1942305564880371
Coffee,4,5,3,5,KNN,HMM_GMM,3,"{'n_components': 1, 'n_mix': 3, 'covariance_type': 'diag'}",0.7,0.6729271262823852,"{'algorithm': 'auto', 'leaf_size': 30, 'metric': 'minkowski', 'metric_params': None, 'n_jobs': None, 'n_neighbors': np.int64(5), 'p': 3, 'weights': 'distance'}",0.053739070892333984
Coffee,4,5,3,5,RandomForest,HMM_GMM,3,"{'n_components': 1, 'n_mix': 3, 'covariance_type': 'diag'}",0.6633333333333333,0.6249669422723251,"{'bootstrap': True, 'ccp_alpha': 0.0, 'class_weight': 'balanced', 'criterion': 'gini', 'max_depth': 10, 'max_features': 'sqrt', 'max_leaf_nodes': None, 'max_samples': None, 'min_impurity_decrease': 0.0, 'min_samples_leaf': 1, 'min_samples_split': 5, 'min_weight_fraction_leaf': 0.0, 'monotonic_cst': None, 'n_estimators': 50, 'n_jobs': None, 'oob_score': False, 'random_state': 42, 'verbose': 0, 'warm_start': False}",0.27130126953125
Coffee,4,5,3,5,LinearSVC,HMM_GMM,3,"{'n_components': 1, 'n_mix': 3, 'covariance_type': 'diag'}",0.63,0.6056383058752727,"{'C': np.float64(2.6366508987303554), 'class_weight': 'balanced', 'dual': False, 'fit_intercept': True, 'intercept_scaling': 1, 'loss': 'squared_hinge', 'max_iter': 100, 'multi_class': 'ovr', 'penalty': 'l1', 'random_state': 42, 'tol': 0.0001, 'verbose': 0}",0.04616665840148926
Coffee,4,5,3,5,LogisticRegression,HMM_GMM,3,"{'n_components': 1, 'n_mix': 3, 'covariance_type': 'diag'}",0.6583333333333333,0.6530577694431421,"{'C': np.float64(2.6366508987303554), 'class_weight': 'balanced', 'dual': False, 'fit_intercept': True, 'intercept_scaling': 1, 'l1_ratio': None, 'max_iter': 100, 'multi_class': 'deprecated', 'n_jobs': None, 'penalty': 'l1', 'random_state': 42, 'solver': 'saga', 'tol': 0.0001, 'verbose': 0, 'warm_start': False}",0.24783563613891602
Coffee,4,5,3,5,KNN,HMM_GMM,4,"{'n_components': 4, 'n_mix': 3, 'covariance_type': 'diag'}",0.7033333333333334,0.6753042918331602,"{'algorithm': 'auto', 'leaf_size': 30, 'metric': 'euclidean', 'metric_params': None, 'n_jobs': None, 'n_neighbors': np.int64(15), 'p': 2, 'weights': 'distance'}",0.015629291534423828
Coffee,4,5,3,5,RandomForest,HMM_GMM,4,"{'n_components': 4, 'n_mix': 3, 'covariance_type': 'diag'}",0.66,0.6187400318979267,"{'bootstrap': True, 'ccp_alpha': 0.0, 'class_weight': None, 'criterion': 'gini', 'max_depth': None, 'max_features': 'sqrt', 'max_leaf_nodes': None, 'max_samples': None, 'min_impurity_decrease': 0.0, 'min_samples_leaf': 4, 'min_samples_split': 2, 'min_weight_fraction_leaf': 0.0, 'monotonic_cst': None, 'n_estimators': 50, 'n_jobs': None, 'oob_score': False, 'random_state': 42, 'verbose': 0, 'warm_start': False}",0.2897813320159912
Coffee,4,5,3,5,LinearSVC,HMM_GMM,4,"{'n_components': 4, 'n_mix': 3, 'covariance_type': 'diag'}",0.6466666666666666,0.6326174091400942,"{'C': np.float64(33.59818286283781), 'class_weight': 'balanced', 'dual': False, 'fit_intercept': True, 'intercept_scaling': 1, 'loss': 'squared_hinge', 'max_iter': 100, 'multi_class': 'ovr', 'penalty': 'l1', 'random_state': 42, 'tol': 0.0001, 'verbose': 0}",0.12896442413330078
Coffee,4,5,3,5,LogisticRegression,HMM_GMM,4,"{'n_components': 4, 'n_mix': 3, 'covariance_type': 'diag'}",0.645,0.6292820783184558,"{'C': np.float64(2.6366508987303554), 'class_weight': 'balanced', 'dual': False, 'fit_intercept': True, 'intercept_scaling': 1, 'l1_ratio': None, 'max_iter': 100, 'multi_class': 'deprecated', 'n_jobs': None, 'penalty': 'l1', 'random_state': 42, 'solver': 'saga', 'tol': 0.0001, 'verbose': 0, 'warm_start': False}",0.27291226387023926
Coffee,4,5,3,5,KNN,HMM_GMM,5,"{'n_components': 1, 'n_mix': 1, 'covariance_type': 'tied'}",0.695,0.6940473946961815,"{'algorithm': 'auto', 'leaf_size': 30, 'metric': 'minkowski', 'metric_params': None, 'n_jobs': None, 'n_neighbors': np.int64(5), 'p': 3, 'weights': 'distance'}",0.04053616523742676
Coffee,4,5,3,5,RandomForest,HMM_GMM,5,"{'n_components': 1, 'n_mix': 1, 'covariance_type': 'tied'}",0.6666666666666666,0.6666666666666666,"{'bootstrap': True, 'ccp_alpha': 0.0, 'class_weight': 'balanced', 'criterion': 'gini', 'max_depth': 20, 'max_features': 'sqrt', 'max_leaf_nodes': None, 'max_samples': None, 'min_impurity_decrease': 0.0, 'min_samples_leaf': 2, 'min_samples_split': 5, 'min_weight_fraction_leaf': 0.0, 'monotonic_cst': None, 'n_estimators': 50, 'n_jobs': None, 'oob_score': False, 'random_state': 42, 'verbose': 0, 'warm_start': False}",0.2618699073791504
Coffee,4,5,3,5,LinearSVC,HMM_GMM,5,"{'n_components': 1, 'n_mix': 1, 'covariance_type': 'tied'}",0.7283333333333334,0.7373261856470156,"{'C': np.float64(33.59818286283781), 'class_weight': 'balanced', 'dual': False, 'fit_intercept': True, 'intercept_scaling': 1, 'loss': 'squared_hinge', 'max_iter': 100, 'multi_class': 'ovr', 'penalty': 'l1', 'random_state': 42, 'tol': 0.0001, 'verbose': 0}",0.06363630294799805
Coffee,4,5,3,5,LogisticRegression,HMM_GMM,5,"{'n_components': 1, 'n_mix': 1, 'covariance_type': 'tied'}",0.8083333333333333,0.8179766774477578,"{'C': np.float64(1000.0), 'class_weight': 'balanced', 'dual': False, 'fit_intercept': True, 'intercept_scaling': 1, 'l1_ratio': None, 'max_iter': 100, 'multi_class': 'deprecated', 'n_jobs': None, 'penalty': 'l2', 'random_state': 42, 'solver': 'sag', 'tol': 0.0001, 'verbose': 0, 'warm_start': False}",0.18462014198303223
Coffee,4,5,3,5,KNN,HMM_GMM,6,"{'n_components': 4, 'n_mix': 3, 'covariance_type': 'diag'}",0.7033333333333334,0.6753042918331602,"{'algorithm': 'auto', 'leaf_size': 30, 'metric': 'euclidean', 'metric_params': None, 'n_jobs': None, 'n_neighbors': np.int64(15), 'p': 2, 'weights': 'distance'}",0.017533063888549805
Coffee,4,5,3,5,RandomForest,HMM_GMM,6,"{'n_components': 4, 'n_mix': 3, 'covariance_type': 'diag'}",0.66,0.6187400318979267,"{'bootstrap': True, 'ccp_alpha': 0.0, 'class_weight': None, 'criterion': 'gini', 'max_depth': None, 'max_features': 'sqrt', 'max_leaf_nodes': None, 'max_samples': None, 'min_impurity_decrease': 0.0, 'min_samples_leaf': 4, 'min_samples_split': 2, 'min_weight_fraction_leaf': 0.0, 'monotonic_cst': None, 'n_estimators': 50, 'n_jobs': None, 'oob_score': False, 'random_state': 42, 'verbose': 0, 'warm_start': False}",0.25790882110595703
Coffee,4,5,3,5,LinearSVC,HMM_GMM,6,"{'n_components': 4, 'n_mix': 3, 'covariance_type': 'diag'}",0.6466666666666666,0.6326174091400942,"{'C': np.float64(33.59818286283781), 'class_weight': 'balanced', 'dual': False, 'fit_intercept': True, 'intercept_scaling': 1, 'loss': 'squared_hinge', 'max_iter': 100, 'multi_class': 'ovr', 'penalty': 'l1', 'random_state': 42, 'tol': 0.0001, 'verbose': 0}",0.06232142448425293
Coffee,4,5,3,5,LogisticRegression,HMM_GMM,6,"{'n_components': 4, 'n_mix': 3, 'covariance_type': 'diag'}",0.645,0.6292820783184558,"{'C': np.float64(2.6366508987303554), 'class_weight': 'balanced', 'dual': False, 'fit_intercept': True, 'intercept_scaling': 1, 'l1_ratio': None, 'max_iter': 100, 'multi_class': 'deprecated', 'n_jobs': None, 'penalty': 'l1', 'random_state': 42, 'solver': 'saga', 'tol': 0.0001, 'verbose': 0, 'warm_start': False}",0.23995518684387207
Coffee,4,5,3,5,KNN,HMM_GMM,7,"{'n_components': 2, 'n_mix': 5, 'covariance_type': 'diag'}",0.7016666666666667,0.675703700520131,"{'algorithm': 'auto', 'leaf_size': 30, 'metric': 'minkowski', 'metric_params': None, 'n_jobs': None, 'n_neighbors': np.int64(13), 'p': 4, 'weights': 'distance'}",0.050876617431640625
Coffee,4,5,3,5,RandomForest,HMM_GMM,7,"{'n_components': 2, 'n_mix': 5, 'covariance_type': 'diag'}",0.6766666666666666,0.6759916537517027,"{'bootstrap': True, 'ccp_alpha': 0.0, 'class_weight': 'balanced', 'criterion': 'gini', 'max_depth': None, 'max_features': 'sqrt', 'max_leaf_nodes': None, 'max_samples': None, 'min_impurity_decrease': 0.0, 'min_samples_leaf': 2, 'min_samples_split': 2, 'min_weight_fraction_leaf': 0.0, 'monotonic_cst': None, 'n_estimators': 150, 'n_jobs': None, 'oob_score': False, 'random_state': 42, 'verbose': 0, 'warm_start': False}",0.7845783233642578
Coffee,4,5,3,5,LinearSVC,HMM_GMM,7,"{'n_components': 2, 'n_mix': 5, 'covariance_type': 'diag'}",0.6466666666666666,0.6337620525139293,"{'C': np.float64(33.59818286283781), 'class_weight': 'balanced', 'dual': False, 'fit_intercept': True, 'intercept_scaling': 1, 'loss': 'squared_hinge', 'max_iter': 100, 'multi_class': 'ovr', 'penalty': 'l1', 'random_state': 42, 'tol': 0.0001, 'verbose': 0}",0.05914044380187988
Coffee,4,5,3,5,LogisticRegression,HMM_GMM,7,"{'n_components': 2, 'n_mix': 5, 'covariance_type': 'diag'}",0.6566666666666666,0.6503192384953281,"{'C': np.float64(33.59818286283781), 'class_weight': None, 'dual': False, 'fit_intercept': True, 'intercept_scaling': 1, 'l1_ratio': None, 'max_iter': 100, 'multi_class': 'deprecated', 'n_jobs': None, 'penalty': 'l2', 'random_state': 42, 'solver': 'saga', 'tol': 0.0001, 'verbose': 0, 'warm_start': False}",0.19552183151245117
Coffee,4,5,3,5,KNN,HMM_GMM,8,"{'n_components': 1, 'n_mix': 3, 'covariance_type': 'full'}",0.8,0.8035348673430849,"{'algorithm': 'auto', 'leaf_size': 30, 'metric': 'manhattan', 'metric_params': None, 'n_jobs': None, 'n_neighbors': np.int64(5), 'p': 2, 'weights': 'distance'}",0.016979694366455078
Coffee,4,5,3,5,RandomForest,HMM_GMM,8,"{'n_components': 1, 'n_mix': 3, 'covariance_type': 'full'}",0.66,0.6557905790579058,"{'bootstrap': True, 'ccp_alpha': 0.0, 'class_weight': None, 'criterion': 'gini', 'max_depth': 30, 'max_features': 'sqrt', 'max_leaf_nodes': None, 'max_samples': None, 'min_impurity_decrease': 0.0, 'min_samples_leaf': 4, 'min_samples_split': 2, 'min_weight_fraction_leaf': 0.0, 'monotonic_cst': None, 'n_estimators': 50, 'n_jobs': None, 'oob_score': False, 'random_state': 42, 'verbose': 0, 'warm_start': False}",0.2614450454711914
Coffee,4,5,3,5,LinearSVC,HMM_GMM,8,"{'n_components': 1, 'n_mix': 3, 'covariance_type': 'full'}",0.8683333333333333,0.8761961630187352,"{'C': np.float64(1000.0), 'class_weight': 'balanced', 'dual': False, 'fit_intercept': True, 'intercept_scaling': 1, 'loss': 'squared_hinge', 'max_iter': 100, 'multi_class': 'ovr', 'penalty': 'l2', 'random_state': 42, 'tol': 0.001, 'verbose': 0}",0.024590253829956055
Coffee,4,5,3,5,LogisticRegression,HMM_GMM,8,"{'n_components': 1, 'n_mix': 3, 'covariance_type': 'full'}",0.695,0.6997395619759921,"{'C': np.float64(0.2069138081114788), 'class_weight': None, 'dual': False, 'fit_intercept': True, 'intercept_scaling': 1, 'l1_ratio': None, 'max_iter': 100, 'multi_class': 'deprecated', 'n_jobs': None, 'penalty': 'l2', 'random_state': 42, 'solver': 'sag', 'tol': 0.0001, 'verbose': 0, 'warm_start': False}",0.042221784591674805
Coffee,4,5,3,5,KNN,HMM_GMM,9,"{'n_components': 5, 'n_mix': 1, 'covariance_type': 'diag'}",0.6933333333333334,0.6652429633716053,"{'algorithm': 'auto', 'leaf_size': 30, 'metric': 'minkowski', 'metric_params': None, 'n_jobs': None, 'n_neighbors': np.int64(13), 'p': 4, 'weights': 'distance'}",0.05817389488220215
Coffee,4,5,3,5,RandomForest,HMM_GMM,9,"{'n_components': 5, 'n_mix': 1, 'covariance_type': 'diag'}",0.6633333333333333,0.653099762129366,"{'bootstrap': True, 'ccp_alpha': 0.0, 'class_weight': 'balanced', 'criterion': 'gini', 'max_depth': None, 'max_features': 'sqrt', 'max_leaf_nodes': None, 'max_samples': None, 'min_impurity_decrease': 0.0, 'min_samples_leaf': 1, 'min_samples_split': 2, 'min_weight_fraction_leaf': 0.0, 'monotonic_cst': None, 'n_estimators': 50, 'n_jobs': None, 'oob_score': False, 'random_state': 42, 'verbose': 0, 'warm_start': False}",0.4067399501800537
Coffee,4,5,3,5,LinearSVC,HMM_GMM,9,"{'n_components': 5, 'n_mix': 1, 'covariance_type': 'diag'}",0.6133333333333333,0.5767579173376275,"{'C': np.float64(33.59818286283781), 'class_weight': None, 'dual': False, 'fit_intercept': True, 'intercept_scaling': 1, 'loss': 'squared_hinge', 'max_iter': 100, 'multi_class': 'ovr', 'penalty': 'l1', 'random_state': 42, 'tol': 0.001, 'verbose': 0}",0.061224937438964844
Coffee,4,5,3,5,LogisticRegression,HMM_GMM,9,"{'n_components': 5, 'n_mix': 1, 'covariance_type': 'diag'}",0.65,0.6393058161350844,"{'C': np.float64(183.29807108324337), 'class_weight': 'balanced', 'dual': False, 'fit_intercept': True, 'intercept_scaling': 1, 'l1_ratio': None, 'max_iter': 100, 'multi_class': 'deprecated', 'n_jobs': None, 'penalty': 'l1', 'random_state': 42, 'solver': 'saga', 'tol': 0.0001, 'verbose': 0, 'warm_start': False}",0.27249789237976074
Coffee,4,5,3,5,KNN,HMM_GMM,10,"{'n_components': 3, 'n_mix': 5, 'covariance_type': 'diag'}",0.7033333333333334,0.6783373115696963,"{'algorithm': 'auto', 'leaf_size': 30, 'metric': 'minkowski', 'metric_params': None, 'n_jobs': None, 'n_neighbors': np.int64(5), 'p': 3, 'weights': 'distance'}",0.03941655158996582
Coffee,4,5,3,5,RandomForest,HMM_GMM,10,"{'n_components': 3, 'n_mix': 5, 'covariance_type': 'diag'}",0.6566666666666666,0.6163964546262661,"{'bootstrap': True, 'ccp_alpha': 0.0, 'class_weight': None, 'criterion': 'gini', 'max_depth': 30, 'max_features': 'sqrt', 'max_leaf_nodes': None, 'max_samples': None, 'min_impurity_decrease': 0.0, 'min_samples_leaf': 4, 'min_samples_split': 2, 'min_weight_fraction_leaf': 0.0, 'monotonic_cst': None, 'n_estimators': 50, 'n_jobs': None, 'oob_score': False, 'random_state': 42, 'verbose': 0, 'warm_start': False}",0.2506399154663086
Coffee,4,5,3,5,LinearSVC,HMM_GMM,10,"{'n_components': 3, 'n_mix': 5, 'covariance_type': 'diag'}",0.6316666666666667,0.5989886184861813,"{'C': np.float64(2.6366508987303554), 'class_weight': 'balanced', 'dual': False, 'fit_intercept': True, 'intercept_scaling': 1, 'loss': 'squared_hinge', 'max_iter': 100, 'multi_class': 'ovr', 'penalty': 'l1', 'random_state': 42, 'tol': 0.0001, 'verbose': 0}",0.06030678749084473
Coffee,4,5,3,5,LogisticRegression,HMM_GMM,10,"{'n_components': 3, 'n_mix': 5, 'covariance_type': 'diag'}",0.6433333333333333,0.6281924524208823,"{'C': np.float64(0.002976351441631319), 'class_weight': None, 'dual': False, 'fit_intercept': True, 'intercept_scaling': 1, 'l1_ratio': None, 'max_iter': 100, 'multi_class': 'deprecated', 'n_jobs': None, 'penalty': 'l2', 'random_state': 42, 'solver': 'saga', 'tol': 0.0001, 'verbose': 0, 'warm_start': False}",0.02638077735900879
Coffee,4,5,3,10,KNN,HMM_GMM,1,"{'n_components': 2, 'n_mix': 1, 'covariance_type': 'diag'}",0.7016666666666667,0.6753512562205584,"{'algorithm': 'auto', 'leaf_size': 30, 'metric': 'minkowski', 'metric_params': None, 'n_jobs': None, 'n_neighbors': 5, 'p': 2, 'weights': 'uniform'}",0.04559755325317383
Coffee,4,5,3,10,RandomForest,HMM_GMM,1,"{'n_components': 2, 'n_mix': 1, 'covariance_type': 'diag'}",0.6666666666666666,0.6365626710454296,"{'bootstrap': True, 'ccp_alpha': 0.0, 'class_weight': None, 'criterion': 'gini', 'max_depth': None, 'max_features': 'sqrt', 'max_leaf_nodes': None, 'max_samples': None, 'min_impurity_decrease': 0.0, 'min_samples_leaf': 1, 'min_samples_split': 2, 'min_weight_fraction_leaf': 0.0, 'monotonic_cst': None, 'n_estimators': 100, 'n_jobs': None, 'oob_score': False, 'random_state': 42, 'verbose': 0, 'warm_start': False}",0.6475772857666016
Coffee,4,5,3,10,LinearSVC,HMM_GMM,1,"{'n_components': 2, 'n_mix': 1, 'covariance_type': 'diag'}",0.65,0.6393058161350844,"{'C': 1.0, 'class_weight': None, 'dual': False, 'fit_intercept': True, 'intercept_scaling': 1, 'loss': 'squared_hinge', 'max_iter': 100, 'multi_class': 'ovr', 'penalty': 'l2', 'random_state': 42, 'tol': 0.0001, 'verbose': 0}",0.03314971923828125
Coffee,4,5,3,10,LogisticRegression,HMM_GMM,1,"{'n_components': 2, 'n_mix': 1, 'covariance_type': 'diag'}",0.6616666666666666,0.6585177707912737,"{'C': 1.0, 'class_weight': None, 'dual': False, 'fit_intercept': True, 'intercept_scaling': 1, 'l1_ratio': None, 'max_iter': 100, 'multi_class': 'deprecated', 'n_jobs': None, 'penalty': 'l2', 'random_state': 42, 'solver': 'lbfgs', 'tol': 0.0001, 'verbose': 0, 'warm_start': False}",0.07894754409790039
Coffee,4,5,3,10,KNN,HMM_GMM,2,"{'n_components': 2, 'n_mix': 4, 'covariance_type': 'tied'}",0.7066666666666667,0.6841220583068972,"{'algorithm': 'auto', 'leaf_size': 30, 'metric': 'minkowski', 'metric_params': None, 'n_jobs': None, 'n_neighbors': 5, 'p': 2, 'weights': 'uniform'}",0.04158949851989746
Coffee,4,5,3,10,RandomForest,HMM_GMM,2,"{'n_components': 2, 'n_mix': 4, 'covariance_type': 'tied'}",0.6616666666666666,0.6549332325772489,"{'bootstrap': True, 'ccp_alpha': 0.0, 'class_weight': None, 'criterion': 'gini', 'max_depth': None, 'max_features': 'sqrt', 'max_leaf_nodes': None, 'max_samples': None, 'min_impurity_decrease': 0.0, 'min_samples_leaf': 1, 'min_samples_split': 2, 'min_weight_fraction_leaf': 0.0, 'monotonic_cst': None, 'n_estimators': 100, 'n_jobs': None, 'oob_score': False, 'random_state': 42, 'verbose': 0, 'warm_start': False}",0.599013090133667
Coffee,4,5,3,10,LinearSVC,HMM_GMM,2,"{'n_components': 2, 'n_mix': 4, 'covariance_type': 'tied'}",0.6516666666666666,0.65125762503678,"{'C': 1.0, 'class_weight': None, 'dual': False, 'fit_intercept': True, 'intercept_scaling': 1, 'loss': 'squared_hinge', 'max_iter': 100, 'multi_class': 'ovr', 'penalty': 'l2', 'random_state': 42, 'tol': 0.0001, 'verbose': 0}",0.04728579521179199
Coffee,4,5,3,10,LogisticRegression,HMM_GMM,2,"{'n_components': 2, 'n_mix': 4, 'covariance_type': 'tied'}",0.5933333333333334,0.59104048069491,"{'C': 1.0, 'class_weight': None, 'dual': False, 'fit_intercept': True, 'intercept_scaling': 1, 'l1_ratio': None, 'max_iter': 100, 'multi_class': 'deprecated', 'n_jobs': None, 'penalty': 'l2', 'random_state': 42, 'solver': 'lbfgs', 'tol': 0.0001, 'verbose': 0, 'warm_start': False}",0.11603379249572754
Coffee,4,5,3,10,KNN,HMM_GMM,3,"{'n_components': 1, 'n_mix': 3, 'covariance_type': 'diag'}",0.6966666666666667,0.668727596833735,"{'algorithm': 'auto', 'leaf_size': 30, 'metric': 'minkowski', 'metric_params': None, 'n_jobs': None, 'n_neighbors': 5, 'p': 2, 'weights': 'uniform'}",0.04096221923828125
Coffee,4,5,3,10,RandomForest,HMM_GMM,3,"{'n_components': 1, 'n_mix': 3, 'covariance_type': 'diag'}",0.6666666666666666,0.6294295155298062,"{'bootstrap': True, 'ccp_alpha': 0.0, 'class_weight': None, 'criterion': 'gini', 'max_depth': None, 'max_features': 'sqrt', 'max_leaf_nodes': None, 'max_samples': None, 'min_impurity_decrease': 0.0, 'min_samples_leaf': 1, 'min_samples_split': 2, 'min_weight_fraction_leaf': 0.0, 'monotonic_cst': None, 'n_estimators': 100, 'n_jobs': None, 'oob_score': False, 'random_state': 42, 'verbose': 0, 'warm_start': False}",0.6843752861022949
Coffee,4,5,3,10,LinearSVC,HMM_GMM,3,"{'n_components': 1, 'n_mix': 3, 'covariance_type': 'diag'}",0.6283333333333333,0.6027861910106957,"{'C': 1.0, 'class_weight': None, 'dual': False, 'fit_intercept': True, 'intercept_scaling': 1, 'loss': 'squared_hinge', 'max_iter': 100, 'multi_class': 'ovr', 'penalty': 'l2', 'random_state': 42, 'tol': 0.0001, 'verbose': 0}",0.03830838203430176
Coffee,4,5,3,10,LogisticRegression,HMM_GMM,3,"{'n_components': 1, 'n_mix': 3, 'covariance_type': 'diag'}",0.6583333333333333,0.6530577694431421,"{'C': 1.0, 'class_weight': None, 'dual': False, 'fit_intercept': True, 'intercept_scaling': 1, 'l1_ratio': None, 'max_iter': 100, 'multi_class': 'deprecated', 'n_jobs': None, 'penalty': 'l2', 'random_state': 42, 'solver': 'lbfgs', 'tol': 0.0001, 'verbose': 0, 'warm_start': False}",0.22206354141235352
Coffee,4,5,3,10,KNN,HMM_GMM,4,"{'n_components': 4, 'n_mix': 3, 'covariance_type': 'diag'}",0.6983333333333334,0.668989832688194,"{'algorithm': 'auto', 'leaf_size': 30, 'metric': 'minkowski', 'metric_params': None, 'n_jobs': None, 'n_neighbors': 5, 'p': 2, 'weights': 'uniform'}",0.04315638542175293
Coffee,4,5,3,10,RandomForest,HMM_GMM,4,"{'n_components': 4, 'n_mix': 3, 'covariance_type': 'diag'}",0.6516666666666666,0.6161931161931162,"{'bootstrap': True, 'ccp_alpha': 0.0, 'class_weight': None, 'criterion': 'gini', 'max_depth': None, 'max_features': 'sqrt', 'max_leaf_nodes': None, 'max_samples': None, 'min_impurity_decrease': 0.0, 'min_samples_leaf': 1, 'min_samples_split': 2, 'min_weight_fraction_leaf': 0.0, 'monotonic_cst': None, 'n_estimators': 100, 'n_jobs': None, 'oob_score': False, 'random_state': 42, 'verbose': 0, 'warm_start': False}",0.745187520980835
Coffee,4,5,3,10,LinearSVC,HMM_GMM,4,"{'n_components': 4, 'n_mix': 3, 'covariance_type': 'diag'}",0.66,0.6511336254107338,"{'C': 1.0, 'class_weight': None, 'dual': False, 'fit_intercept': True, 'intercept_scaling': 1, 'loss': 'squared_hinge', 'max_iter': 100, 'multi_class': 'ovr', 'penalty': 'l2', 'random_state': 42, 'tol': 0.0001, 'verbose': 0}",0.04146838188171387
Coffee,4,5,3,10,LogisticRegression,HMM_GMM,4,"{'n_components': 4, 'n_mix': 3, 'covariance_type': 'diag'}",0.645,0.6298434359149816,"{'C': 1.0, 'class_weight': None, 'dual': False, 'fit_intercept': True, 'intercept_scaling': 1, 'l1_ratio': None, 'max_iter': 100, 'multi_class': 'deprecated', 'n_jobs': None, 'penalty': 'l2', 'random_state': 42, 'solver': 'lbfgs', 'tol': 0.0001, 'verbose': 0, 'warm_start': False}",0.08526945114135742
Coffee,4,5,3,10,KNN,HMM_GMM,5,"{'n_components': 1, 'n_mix': 1, 'covariance_type': 'tied'}",0.695,0.6929709678704544,"{'algorithm': 'auto', 'leaf_size': 30, 'metric': 'minkowski', 'metric_params': None, 'n_jobs': None, 'n_neighbors': 5, 'p': 2, 'weights': 'uniform'}",0.04235482215881348
Coffee,4,5,3,10,RandomForest,HMM_GMM,5,"{'n_components': 1, 'n_mix': 1, 'covariance_type': 'tied'}",0.6616666666666666,0.6585177707912737,"{'bootstrap': True, 'ccp_alpha': 0.0, 'class_weight': None, 'criterion': 'gini', 'max_depth': None, 'max_features': 'sqrt', 'max_leaf_nodes': None, 'max_samples': None, 'min_impurity_decrease': 0.0, 'min_samples_leaf': 1, 'min_samples_split': 2, 'min_weight_fraction_leaf': 0.0, 'monotonic_cst': None, 'n_estimators': 100, 'n_jobs': None, 'oob_score': False, 'random_state': 42, 'verbose': 0, 'warm_start': False}",0.6656093597412109
Coffee,4,5,3,10,LinearSVC,HMM_GMM,5,"{'n_components': 1, 'n_mix': 1, 'covariance_type': 'tied'}",0.8516666666666667,0.8565742476720237,"{'C': 1.0, 'class_weight': None, 'dual': False, 'fit_intercept': True, 'intercept_scaling': 1, 'loss': 'squared_hinge', 'max_iter': 100, 'multi_class': 'ovr', 'penalty': 'l2', 'random_state': 42, 'tol': 0.0001, 'verbose': 0}",0.044739723205566406
Coffee,4,5,3,10,LogisticRegression,HMM_GMM,5,"{'n_components': 1, 'n_mix': 1, 'covariance_type': 'tied'}",0.6716666666666666,0.6753228865294731,"{'C': 1.0, 'class_weight': None, 'dual': False, 'fit_intercept': True, 'intercept_scaling': 1, 'l1_ratio': None, 'max_iter': 100, 'multi_class': 'deprecated', 'n_jobs': None, 'penalty': 'l2', 'random_state': 42, 'solver': 'lbfgs', 'tol': 0.0001, 'verbose': 0, 'warm_start': False}",0.2883021831512451
Coffee,4,5,3,10,KNN,HMM_GMM,6,"{'n_components': 4, 'n_mix': 3, 'covariance_type': 'diag'}",0.6983333333333334,0.668989832688194,"{'algorithm': 'auto', 'leaf_size': 30, 'metric': 'minkowski', 'metric_params': None, 'n_jobs': None, 'n_neighbors': 5, 'p': 2, 'weights': 'uniform'}",0.04559755325317383
Coffee,4,5,3,10,RandomForest,HMM_GMM,6,"{'n_components': 4, 'n_mix': 3, 'covariance_type': 'diag'}",0.655,0.6186379928315411,"{'bootstrap': True, 'ccp_alpha': 0.0, 'class_weight': None, 'criterion': 'gini', 'max_depth': None, 'max_features': 'sqrt', 'max_leaf_nodes': None, 'max_samples': None, 'min_impurity_decrease': 0.0, 'min_samples_leaf': 1, 'min_samples_split': 2, 'min_weight_fraction_leaf': 0.0, 'monotonic_cst': None, 'n_estimators': 100, 'n_jobs': None, 'oob_score': False, 'random_state': 42, 'verbose': 0, 'warm_start': False}",0.6189608573913574
Coffee,4,5,3,10,LinearSVC,HMM_GMM,6,"{'n_components': 4, 'n_mix': 3, 'covariance_type': 'diag'}",0.6733333333333333,0.6677380453315838,"{'C': 1.0, 'class_weight': None, 'dual': False, 'fit_intercept': True, 'intercept_scaling': 1, 'loss': 'squared_hinge', 'max_iter': 100, 'multi_class': 'ovr', 'penalty': 'l2', 'random_state': 42, 'tol': 0.0001, 'verbose': 0}",0.03707122802734375
Coffee,4,5,3,10,LogisticRegression,HMM_GMM,6,"{'n_components': 4, 'n_mix': 3, 'covariance_type': 'diag'}",0.6466666666666666,0.631492028399245,"{'C': 1.0, 'class_weight': None, 'dual': False, 'fit_intercept': True, 'intercept_scaling': 1, 'l1_ratio': None, 'max_iter': 100, 'multi_class': 'deprecated', 'n_jobs': None, 'penalty': 'l2', 'random_state': 42, 'solver': 'lbfgs', 'tol': 0.0001, 'verbose': 0, 'warm_start': False}",0.08319759368896484
Coffee,4,5,3,10,KNN,HMM_GMM,7,"{'n_components': 2, 'n_mix': 5, 'covariance_type': 'diag'}",0.71,0.6867405678634828,"{'algorithm': 'auto', 'leaf_size': 30, 'metric': 'minkowski', 'metric_params': None, 'n_jobs': None, 'n_neighbors': 5, 'p': 2, 'weights': 'uniform'}",0.04963874816894531
Coffee,4,5,3,10,RandomForest,HMM_GMM,7,"{'n_components': 2, 'n_mix': 5, 'covariance_type': 'diag'}",0.6666666666666666,0.6624179696698781,"{'bootstrap': True, 'ccp_alpha': 0.0, 'class_weight': None, 'criterion': 'gini', 'max_depth': None, 'max_features': 'sqrt', 'max_leaf_nodes': None, 'max_samples': None, 'min_impurity_decrease': 0.0, 'min_samples_leaf': 1, 'min_samples_split': 2, 'min_weight_fraction_leaf': 0.0, 'monotonic_cst': None, 'n_estimators': 100, 'n_jobs': None, 'oob_score': False, 'random_state': 42, 'verbose': 0, 'warm_start': False}",0.6896240711212158
Coffee,4,5,3,10,LinearSVC,HMM_GMM,7,"{'n_components': 2, 'n_mix': 5, 'covariance_type': 'diag'}",0.6466666666666666,0.6337620525139293,"{'C': 1.0, 'class_weight': None, 'dual': False, 'fit_intercept': True, 'intercept_scaling': 1, 'loss': 'squared_hinge', 'max_iter': 100, 'multi_class': 'ovr', 'penalty': 'l2', 'random_state': 42, 'tol': 0.0001, 'verbose': 0}",0.04091238975524902
Coffee,4,5,3,10,LogisticRegression,HMM_GMM,7,"{'n_components': 2, 'n_mix': 5, 'covariance_type': 'diag'}",0.6566666666666666,0.6503192384953281,"{'C': 1.0, 'class_weight': None, 'dual': False, 'fit_intercept': True, 'intercept_scaling': 1, 'l1_ratio': None, 'max_iter': 100, 'multi_class': 'deprecated', 'n_jobs': None, 'penalty': 'l2', 'random_state': 42, 'solver': 'lbfgs', 'tol': 0.0001, 'verbose': 0, 'warm_start': False}",0.12772440910339355
Coffee,4,5,3,10,KNN,HMM_GMM,8,"{'n_components': 1, 'n_mix': 3, 'covariance_type': 'full'}",0.705,0.6820850951241098,"{'algorithm': 'auto', 'leaf_size': 30, 'metric': 'minkowski', 'metric_params': None, 'n_jobs': None, 'n_neighbors': 5, 'p': 2, 'weights': 'uniform'}",0.054789066314697266
Coffee,4,5,3,10,RandomForest,HMM_GMM,8,"{'n_components': 1, 'n_mix': 3, 'covariance_type': 'full'}",0.6533333333333333,0.6436492233858858,"{'bootstrap': True, 'ccp_alpha': 0.0, 'class_weight': None, 'criterion': 'gini', 'max_depth': None, 'max_features': 'sqrt', 'max_leaf_nodes': None, 'max_samples': None, 'min_impurity_decrease': 0.0, 'min_samples_leaf': 1, 'min_samples_split': 2, 'min_weight_fraction_leaf': 0.0, 'monotonic_cst': None, 'n_estimators': 100, 'n_jobs': None, 'oob_score': False, 'random_state': 42, 'verbose': 0, 'warm_start': False}",0.7503068447113037
Coffee,4,5,3,10,LinearSVC,HMM_GMM,8,"{'n_components': 1, 'n_mix': 3, 'covariance_type': 'full'}",0.8816666666666667,0.8884154735748037,"{'C': 1.0, 'class_weight': None, 'dual': False, 'fit_intercept': True, 'intercept_scaling': 1, 'loss': 'squared_hinge', 'max_iter': 100, 'multi_class': 'ovr', 'penalty': 'l2', 'random_state': 42, 'tol': 0.0001, 'verbose': 0}",0.05763649940490723
Coffee,4,5,3,10,LogisticRegression,HMM_GMM,8,"{'n_components': 1, 'n_mix': 3, 'covariance_type': 'full'}",0.78,0.7917311584261232,"{'C': 1.0, 'class_weight': None, 'dual': False, 'fit_intercept': True, 'intercept_scaling': 1, 'l1_ratio': None, 'max_iter': 100, 'multi_class': 'deprecated', 'n_jobs': None, 'penalty': 'l2', 'random_state': 42, 'solver': 'lbfgs', 'tol': 0.0001, 'verbose': 0, 'warm_start': False}",0.4926011562347412
Coffee,4,5,3,10,KNN,HMM_GMM,9,"{'n_components': 5, 'n_mix': 1, 'covariance_type': 'diag'}",0.6983333333333334,0.6719188197710921,"{'algorithm': 'auto', 'leaf_size': 30, 'metric': 'minkowski', 'metric_params': None, 'n_jobs': None, 'n_neighbors': 5, 'p': 2, 'weights': 'uniform'}",0.04405832290649414
Coffee,4,5,3,10,RandomForest,HMM_GMM,9,"{'n_components': 5, 'n_mix': 1, 'covariance_type': 'diag'}",0.6666666666666666,0.6584169774640601,"{'bootstrap': True, 'ccp_alpha': 0.0, 'class_weight': None, 'criterion': 'gini', 'max_depth': None, 'max_features': 'sqrt', 'max_leaf_nodes': None, 'max_samples': None, 'min_impurity_decrease': 0.0, 'min_samples_leaf': 1, 'min_samples_split': 2, 'min_weight_fraction_leaf': 0.0, 'monotonic_cst': None, 'n_estimators': 100, 'n_jobs': None, 'oob_score': False, 'random_state': 42, 'verbose': 0, 'warm_start': False}",0.5955746173858643
Coffee,4,5,3,10,LinearSVC,HMM_GMM,9,"{'n_components': 5, 'n_mix': 1, 'covariance_type': 'diag'}",0.6033333333333334,0.5590180546095176,"{'C': 1.0, 'class_weight': None, 'dual': False, 'fit_intercept': True, 'intercept_scaling': 1, 'loss': 'squared_hinge', 'max_iter': 100, 'multi_class': 'ovr', 'penalty': 'l2', 'random_state': 42, 'tol': 0.0001, 'verbose': 0}",0.03606557846069336
Coffee,4,5,3,10,LogisticRegression,HMM_GMM,9,"{'n_components': 5, 'n_mix': 1, 'covariance_type': 'diag'}",0.65,0.6393058161350844,"{'C': 1.0, 'class_weight': None, 'dual': False, 'fit_intercept': True, 'intercept_scaling': 1, 'l1_ratio': None, 'max_iter': 100, 'multi_class': 'deprecated', 'n_jobs': None, 'penalty': 'l2', 'random_state': 42, 'solver': 'lbfgs', 'tol': 0.0001, 'verbose': 0, 'warm_start': False}",0.11158514022827148
Coffee,4,5,3,10,KNN,HMM_GMM,10,"{'n_components': 3, 'n_mix': 5, 'covariance_type': 'diag'}",0.7016666666666667,0.6758873703121935,"{'algorithm': 'auto', 'leaf_size': 30, 'metric': 'minkowski', 'metric_params': None, 'n_jobs': None, 'n_neighbors': 5, 'p': 2, 'weights': 'uniform'}",0.047472476959228516
Coffee,4,5,3,10,RandomForest,HMM_GMM,10,"{'n_components': 3, 'n_mix': 5, 'covariance_type': 'diag'}",0.6533333333333333,0.6114009990074786,"{'bootstrap': True, 'ccp_alpha': 0.0, 'class_weight': None, 'criterion': 'gini', 'max_depth': None, 'max_features': 'sqrt', 'max_leaf_nodes': None, 'max_samples': None, 'min_impurity_decrease': 0.0, 'min_samples_leaf': 1, 'min_samples_split': 2, 'min_weight_fraction_leaf': 0.0, 'monotonic_cst': None, 'n_estimators': 100, 'n_jobs': None, 'oob_score': False, 'random_state': 42, 'verbose': 0, 'warm_start': False}",0.6153254508972168
Coffee,4,5,3,10,LinearSVC,HMM_GMM,10,"{'n_components': 3, 'n_mix': 5, 'covariance_type': 'diag'}",0.59,0.5279687161471521,"{'C': 1.0, 'class_weight': None, 'dual': False, 'fit_intercept': True, 'intercept_scaling': 1, 'loss': 'squared_hinge', 'max_iter': 100, 'multi_class': 'ovr', 'penalty': 'l2', 'random_state': 42, 'tol': 0.0001, 'verbose': 0}",0.04491925239562988
Coffee,4,5,3,10,LogisticRegression,HMM_GMM,10,"{'n_components': 3, 'n_mix': 5, 'covariance_type': 'diag'}",0.6633333333333333,0.6555003542576869,"{'C': 1.0, 'class_weight': None, 'dual': False, 'fit_intercept': True, 'intercept_scaling': 1, 'l1_ratio': None, 'max_iter': 100, 'multi_class': 'deprecated', 'n_jobs': None, 'penalty': 'l2', 'random_state': 42, 'solver': 'lbfgs', 'tol': 0.0001, 'verbose': 0, 'warm_start': False}",0.22715091705322266
Coffee,4,5,4,1,KNN,Baseline,N/A,N/A,0.6416666666666667,0.6089235701281006,"{'algorithm': 'auto', 'leaf_size': 30, 'metric': 'minkowski', 'metric_params': None, 'n_jobs': None, 'n_neighbors': 5, 'p': 2, 'weights': 'uniform'}",0.02983403205871582
Coffee,4,5,4,1,KNN,Tuned_Baseline,N/A,N/A,0.6266666666666667,0.5979671844924713,"{'algorithm': 'auto', 'leaf_size': 30, 'metric': 'chebyshev', 'metric_params': None, 'n_jobs': None, 'n_neighbors': np.int64(5), 'p': 2, 'weights': 'uniform'}",0.024702787399291992
Coffee,4,5,4,1,RandomForest,Baseline,N/A,N/A,0.7833333333333333,0.7792172109734221,"{'bootstrap': True, 'ccp_alpha': 0.0, 'class_weight': None, 'criterion': 'gini', 'max_depth': None, 'max_features': 'sqrt', 'max_leaf_nodes': None, 'max_samples': None, 'min_impurity_decrease': 0.0, 'min_samples_leaf': 1, 'min_samples_split': 2, 'min_weight_fraction_leaf': 0.0, 'monotonic_cst': None, 'n_estimators': 100, 'n_jobs': None, 'oob_score': False, 'random_state': 42, 'verbose': 0, 'warm_start': False}",0.2606384754180908
Coffee,4,5,4,1,RandomForest,Tuned_Baseline,N/A,N/A,0.7716666666666666,0.7664962935243165,"{'bootstrap': True, 'ccp_alpha': 0.0, 'class_weight': 'balanced', 'criterion': 'gini', 'max_depth': 30, 'max_features': 'sqrt', 'max_leaf_nodes': None, 'max_samples': None, 'min_impurity_decrease': 0.0, 'min_samples_leaf': 1, 'min_samples_split': 5, 'min_weight_fraction_leaf': 0.0, 'monotonic_cst': None, 'n_estimators': 100, 'n_jobs': None, 'oob_score': False, 'random_state': 42, 'verbose': 0, 'warm_start': False}",0.006071805953979492
Coffee,4,5,4,1,LinearSVC,Baseline,N/A,N/A,0.43,0.31502438483411577,"{'C': 1.0, 'class_weight': None, 'dual': False, 'fit_intercept': True, 'intercept_scaling': 1, 'loss': 'squared_hinge', 'max_iter': 100, 'multi_class': 'ovr', 'penalty': 'l2', 'random_state': 42, 'tol': 0.0001, 'verbose': 0}",0.0056610107421875
Coffee,4,5,4,1,LinearSVC,Tuned_Baseline,N/A,N/A,0.5066666666666667,0.3989905052930263,"{'C': np.float64(14.38449888287663), 'class_weight': 'balanced', 'dual': False, 'fit_intercept': False, 'intercept_scaling': 1, 'loss': 'squared_hinge', 'max_iter': 100, 'multi_class': 'ovr', 'penalty': 'l2', 'random_state': 42, 'tol': 0.001, 'verbose': 0}",0.0002269744873046875
Coffee,4,5,4,1,LogisticRegression,Baseline,N/A,N/A,0.455,0.33389490164046015,"{'C': 1.0, 'class_weight': None, 'dual': False, 'fit_intercept': True, 'intercept_scaling': 1, 'l1_ratio': None, 'max_iter': 100, 'multi_class': 'deprecated', 'n_jobs': None, 'penalty': 'l2', 'random_state': 42, 'solver': 'lbfgs', 'tol': 0.0001, 'verbose': 0, 'warm_start': False}",0.15441560745239258
Coffee,4,5,4,1,LogisticRegression,Tuned_Baseline,N/A,N/A,0.43833333333333335,0.32442849548112707,"{'C': np.float64(33.59818286283781), 'class_weight': 'balanced', 'dual': False, 'fit_intercept': True, 'intercept_scaling': 1, 'l1_ratio': None, 'max_iter': 100, 'multi_class': 'deprecated', 'n_jobs': None, 'penalty': 'l2', 'random_state': 42, 'solver': 'saga', 'tol': 0.0001, 'verbose': 0, 'warm_start': False}",0.00027060508728027344
Coffee,4,5,4,1,RNN,Tuned_Baseline,N/A,N/A,0.16666666666666666,0.047619047619047616,"{'hidden_size': 64, 'epochs': 10, 'batch_size': 32, 'lr': 0.001}",4.649162292480469e-05
Coffee,4,5,4,2,KNN,HMM_GMM,1,"{'n_components': 2, 'n_mix': 1, 'covariance_type': 'diag'}",0.6633333333333333,0.6348834255976448,"{'algorithm': 'auto', 'leaf_size': 30, 'metric': 'euclidean', 'metric_params': None, 'n_jobs': None, 'n_neighbors': np.int64(9), 'p': 2, 'weights': 'distance'}",0.013430356979370117
Coffee,4,5,4,2,RandomForest,HMM_GMM,1,"{'n_components': 2, 'n_mix': 1, 'covariance_type': 'diag'}",0.7483333333333333,0.7422112519603151,"{'bootstrap': True, 'ccp_alpha': 0.0, 'class_weight': None, 'criterion': 'gini', 'max_depth': 30, 'max_features': 'sqrt', 'max_leaf_nodes': None, 'max_samples': None, 'min_impurity_decrease': 0.0, 'min_samples_leaf': 4, 'min_samples_split': 2, 'min_weight_fraction_leaf': 0.0, 'monotonic_cst': None, 'n_estimators': 50, 'n_jobs': None, 'oob_score': False, 'random_state': 42, 'verbose': 0, 'warm_start': False}",0.197462797164917
Coffee,4,5,4,2,LinearSVC,HMM_GMM,1,"{'n_components': 2, 'n_mix': 1, 'covariance_type': 'diag'}",0.565,0.489902076287813,"{'C': np.float64(6.1584821106602545), 'class_weight': None, 'dual': False, 'fit_intercept': True, 'intercept_scaling': 1, 'loss': 'squared_hinge', 'max_iter': 100, 'multi_class': 'ovr', 'penalty': 'l2', 'random_state': 42, 'tol': 0.0001, 'verbose': 0}",0.008778095245361328
Coffee,4,5,4,2,LogisticRegression,HMM_GMM,1,"{'n_components': 2, 'n_mix': 1, 'covariance_type': 'diag'}",0.6366666666666667,0.6212783632138471,"{'C': np.float64(33.59818286283781), 'class_weight': None, 'dual': False, 'fit_intercept': True, 'intercept_scaling': 1, 'l1_ratio': None, 'max_iter': 100, 'multi_class': 'deprecated', 'n_jobs': None, 'penalty': 'l2', 'random_state': 42, 'solver': 'saga', 'tol': 0.0001, 'verbose': 0, 'warm_start': False}",0.016704320907592773
Coffee,4,5,4,2,KNN,HMM_GMM,2,"{'n_components': 2, 'n_mix': 4, 'covariance_type': 'tied'}",0.7266666666666667,0.7234334896542983,"{'algorithm': 'auto', 'leaf_size': 30, 'metric': 'chebyshev', 'metric_params': None, 'n_jobs': None, 'n_neighbors': np.int64(5), 'p': 2, 'weights': 'uniform'}",0.030587196350097656
Coffee,4,5,4,2,RandomForest,HMM_GMM,2,"{'n_components': 2, 'n_mix': 4, 'covariance_type': 'tied'}",0.7033333333333334,0.6789399358758992,"{'bootstrap': True, 'ccp_alpha': 0.0, 'class_weight': None, 'criterion': 'gini', 'max_depth': 30, 'max_features': 'sqrt', 'max_leaf_nodes': None, 'max_samples': None, 'min_impurity_decrease': 0.0, 'min_samples_leaf': 4, 'min_samples_split': 2, 'min_weight_fraction_leaf': 0.0, 'monotonic_cst': None, 'n_estimators': 50, 'n_jobs': None, 'oob_score': False, 'random_state': 42, 'verbose': 0, 'warm_start': False}",0.21663904190063477
Coffee,4,5,4,2,LinearSVC,HMM_GMM,2,"{'n_components': 2, 'n_mix': 4, 'covariance_type': 'tied'}",0.44666666666666666,0.33030431107354186,"{'C': np.float64(1000.0), 'class_weight': 'balanced', 'dual': False, 'fit_intercept': True, 'intercept_scaling': 1, 'loss': 'squared_hinge', 'max_iter': 100, 'multi_class': 'ovr', 'penalty': 'l2', 'random_state': 42, 'tol': 0.001, 'verbose': 0}",0.013243675231933594
Coffee,4,5,4,2,LogisticRegression,HMM_GMM,2,"{'n_components': 2, 'n_mix': 4, 'covariance_type': 'tied'}",0.4766666666666667,0.39781841179998206,"{'C': np.float64(1000.0), 'class_weight': 'balanced', 'dual': False, 'fit_intercept': True, 'intercept_scaling': 1, 'l1_ratio': None, 'max_iter': 100, 'multi_class': 'deprecated', 'n_jobs': None, 'penalty': 'l2', 'random_state': 42, 'solver': 'sag', 'tol': 0.0001, 'verbose': 0, 'warm_start': False}",0.08114337921142578
Coffee,4,5,4,2,KNN,HMM_GMM,3,"{'n_components': 1, 'n_mix': 3, 'covariance_type': 'diag'}",0.7333333333333333,0.7242724452064121,"{'algorithm': 'auto', 'leaf_size': 30, 'metric': 'euclidean', 'metric_params': None, 'n_jobs': None, 'n_neighbors': np.int64(9), 'p': 2, 'weights': 'distance'}",0.02525949478149414
Coffee,4,5,4,2,RandomForest,HMM_GMM,3,"{'n_components': 1, 'n_mix': 3, 'covariance_type': 'diag'}",0.74,0.7361666056897327,"{'bootstrap': True, 'ccp_alpha': 0.0, 'class_weight': 'balanced', 'criterion': 'gini', 'max_depth': 20, 'max_features': 'sqrt', 'max_leaf_nodes': None, 'max_samples': None, 'min_impurity_decrease': 0.0, 'min_samples_leaf': 2, 'min_samples_split': 5, 'min_weight_fraction_leaf': 0.0, 'monotonic_cst': None, 'n_estimators': 50, 'n_jobs': None, 'oob_score': False, 'random_state': 42, 'verbose': 0, 'warm_start': False}",0.23729801177978516
Coffee,4,5,4,2,LinearSVC,HMM_GMM,3,"{'n_components': 1, 'n_mix': 3, 'covariance_type': 'diag'}",0.49833333333333335,0.38029028533729176,"{'C': np.float64(0.08858667904100823), 'class_weight': None, 'dual': False, 'fit_intercept': False, 'intercept_scaling': 1, 'loss': 'squared_hinge', 'max_iter': 100, 'multi_class': 'ovr', 'penalty': 'l1', 'random_state': 42, 'tol': 0.0001, 'verbose': 0}",0.021500825881958008
Coffee,4,5,4,2,LogisticRegression,HMM_GMM,3,"{'n_components': 1, 'n_mix': 3, 'covariance_type': 'diag'}",0.6483333333333333,0.6288730498126498,"{'C': np.float64(183.29807108324337), 'class_weight': 'balanced', 'dual': False, 'fit_intercept': True, 'intercept_scaling': 1, 'l1_ratio': None, 'max_iter': 100, 'multi_class': 'deprecated', 'n_jobs': None, 'penalty': 'l1', 'random_state': 42, 'solver': 'saga', 'tol': 0.0001, 'verbose': 0, 'warm_start': False}",0.03070974349975586
Coffee,4,5,4,2,KNN,HMM_GMM,4,"{'n_components': 4, 'n_mix': 3, 'covariance_type': 'diag'}",0.6766666666666666,0.6561084311133211,"{'algorithm': 'auto', 'leaf_size': 30, 'metric': 'euclidean', 'metric_params': None, 'n_jobs': None, 'n_neighbors': np.int64(9), 'p': 2, 'weights': 'distance'}",0.01304936408996582
Coffee,4,5,4,2,RandomForest,HMM_GMM,4,"{'n_components': 4, 'n_mix': 3, 'covariance_type': 'diag'}",0.755,0.7440004894628954,"{'bootstrap': True, 'ccp_alpha': 0.0, 'class_weight': 'balanced', 'criterion': 'gini', 'max_depth': 30, 'max_features': 'sqrt', 'max_leaf_nodes': None, 'max_samples': None, 'min_impurity_decrease': 0.0, 'min_samples_leaf': 1, 'min_samples_split': 2, 'min_weight_fraction_leaf': 0.0, 'monotonic_cst': None, 'n_estimators': 150, 'n_jobs': None, 'oob_score': False, 'random_state': 42, 'verbose': 0, 'warm_start': False}",0.5831878185272217
Coffee,4,5,4,2,LinearSVC,HMM_GMM,4,"{'n_components': 4, 'n_mix': 3, 'covariance_type': 'diag'}",0.5083333333333333,0.38552987178605863,"{'C': np.float64(1000.0), 'class_weight': 'balanced', 'dual': False, 'fit_intercept': True, 'intercept_scaling': 1, 'loss': 'squared_hinge', 'max_iter': 100, 'multi_class': 'ovr', 'penalty': 'l2', 'random_state': 42, 'tol': 0.001, 'verbose': 0}",0.008037090301513672
Coffee,4,5,4,2,LogisticRegression,HMM_GMM,4,"{'n_components': 4, 'n_mix': 3, 'covariance_type': 'diag'}",0.555,0.5009623942848113,"{'C': np.float64(33.59818286283781), 'class_weight': None, 'dual': False, 'fit_intercept': True, 'intercept_scaling': 1, 'l1_ratio': None, 'max_iter': 100, 'multi_class': 'deprecated', 'n_jobs': None, 'penalty': 'l2', 'random_state': 42, 'solver': 'saga', 'tol': 0.0001, 'verbose': 0, 'warm_start': False}",0.08198738098144531
Coffee,4,5,4,2,KNN,HMM_GMM,5,"{'n_components': 1, 'n_mix': 1, 'covariance_type': 'tied'}",0.6883333333333334,0.694026872506414,"{'algorithm': 'auto', 'leaf_size': 30, 'metric': 'euclidean', 'metric_params': None, 'n_jobs': None, 'n_neighbors': np.int64(9), 'p': 2, 'weights': 'distance'}",0.010913610458374023
Coffee,4,5,4,2,RandomForest,HMM_GMM,5,"{'n_components': 1, 'n_mix': 1, 'covariance_type': 'tied'}",0.66,0.6461626992874862,"{'bootstrap': True, 'ccp_alpha': 0.0, 'class_weight': 'balanced', 'criterion': 'gini', 'max_depth': None, 'max_features': 'sqrt', 'max_leaf_nodes': None, 'max_samples': None, 'min_impurity_decrease': 0.0, 'min_samples_leaf': 2, 'min_samples_split': 2, 'min_weight_fraction_leaf': 0.0, 'monotonic_cst': None, 'n_estimators': 150, 'n_jobs': None, 'oob_score': False, 'random_state': 42, 'verbose': 0, 'warm_start': False}",0.6499197483062744
Coffee,4,5,4,2,LinearSVC,HMM_GMM,5,"{'n_components': 1, 'n_mix': 1, 'covariance_type': 'tied'}",0.44166666666666665,0.3304779831127684,"{'C': np.float64(1000.0), 'class_weight': 'balanced', 'dual': False, 'fit_intercept': True, 'intercept_scaling': 1, 'loss': 'squared_hinge', 'max_iter': 100, 'multi_class': 'ovr', 'penalty': 'l2', 'random_state': 42, 'tol': 0.001, 'verbose': 0}",0.011920928955078125
Coffee,4,5,4,2,LogisticRegression,HMM_GMM,5,"{'n_components': 1, 'n_mix': 1, 'covariance_type': 'tied'}",0.46,0.3879852426226183,"{'C': np.float64(1000.0), 'class_weight': 'balanced', 'dual': False, 'fit_intercept': True, 'intercept_scaling': 1, 'l1_ratio': None, 'max_iter': 100, 'multi_class': 'deprecated', 'n_jobs': None, 'penalty': 'l2', 'random_state': 42, 'solver': 'sag', 'tol': 0.0001, 'verbose': 0, 'warm_start': False}",0.06738591194152832
Coffee,4,5,4,2,KNN,HMM_GMM,6,"{'n_components': 4, 'n_mix': 3, 'covariance_type': 'diag'}",0.6766666666666666,0.6561084311133211,"{'algorithm': 'auto', 'leaf_size': 30, 'metric': 'euclidean', 'metric_params': None, 'n_jobs': None, 'n_neighbors': np.int64(9), 'p': 2, 'weights': 'distance'}",0.009853839874267578
Coffee,4,5,4,2,RandomForest,HMM_GMM,6,"{'n_components': 4, 'n_mix': 3, 'covariance_type': 'diag'}",0.7616666666666667,0.7513332208789673,"{'bootstrap': True, 'ccp_alpha': 0.0, 'class_weight': 'balanced', 'criterion': 'gini', 'max_depth': 30, 'max_features': 'sqrt', 'max_leaf_nodes': None, 'max_samples': None, 'min_impurity_decrease': 0.0, 'min_samples_leaf': 1, 'min_samples_split': 2, 'min_weight_fraction_leaf': 0.0, 'monotonic_cst': None, 'n_estimators': 150, 'n_jobs': None, 'oob_score': False, 'random_state': 42, 'verbose': 0, 'warm_start': False}",0.5830373764038086
Coffee,4,5,4,2,LinearSVC,HMM_GMM,6,"{'n_components': 4, 'n_mix': 3, 'covariance_type': 'diag'}",0.5083333333333333,0.3834629351990671,"{'C': np.float64(1000.0), 'class_weight': 'balanced', 'dual': False, 'fit_intercept': True, 'intercept_scaling': 1, 'loss': 'squared_hinge', 'max_iter': 100, 'multi_class': 'ovr', 'penalty': 'l2', 'random_state': 42, 'tol': 0.001, 'verbose': 0}",0.007870912551879883
Coffee,4,5,4,2,LogisticRegression,HMM_GMM,6,"{'n_components': 4, 'n_mix': 3, 'covariance_type': 'diag'}",0.55,0.49898304330522025,"{'C': np.float64(33.59818286283781), 'class_weight': None, 'dual': False, 'fit_intercept': True, 'intercept_scaling': 1, 'l1_ratio': None, 'max_iter': 100, 'multi_class': 'deprecated', 'n_jobs': None, 'penalty': 'l2', 'random_state': 42, 'solver': 'saga', 'tol': 0.0001, 'verbose': 0, 'warm_start': False}",0.07388162612915039
Coffee,4,5,4,2,KNN,HMM_GMM,7,"{'n_components': 2, 'n_mix': 5, 'covariance_type': 'diag'}",0.6666666666666666,0.6445790324551105,"{'algorithm': 'auto', 'leaf_size': 30, 'metric': 'chebyshev', 'metric_params': None, 'n_jobs': None, 'n_neighbors': np.int64(5), 'p': 2, 'weights': 'uniform'}",0.03121018409729004
Coffee,4,5,4,2,RandomForest,HMM_GMM,7,"{'n_components': 2, 'n_mix': 5, 'covariance_type': 'diag'}",0.7566666666666667,0.7437671443492099,"{'bootstrap': True, 'ccp_alpha': 0.0, 'class_weight': None, 'criterion': 'gini', 'max_depth': 30, 'max_features': 'sqrt', 'max_leaf_nodes': None, 'max_samples': None, 'min_impurity_decrease': 0.0, 'min_samples_leaf': 4, 'min_samples_split': 2, 'min_weight_fraction_leaf': 0.0, 'monotonic_cst': None, 'n_estimators': 50, 'n_jobs': None, 'oob_score': False, 'random_state': 42, 'verbose': 0, 'warm_start': False}",0.21718144416809082
Coffee,4,5,4,2,LinearSVC,HMM_GMM,7,"{'n_components': 2, 'n_mix': 5, 'covariance_type': 'diag'}",0.505,0.3649744229517194,"{'C': np.float64(2.6366508987303554), 'class_weight': 'balanced', 'dual': False, 'fit_intercept': True, 'intercept_scaling': 1, 'loss': 'squared_hinge', 'max_iter': 100, 'multi_class': 'ovr', 'penalty': 'l1', 'random_state': 42, 'tol': 0.0001, 'verbose': 0}",0.02248406410217285
Coffee,4,5,4,2,LogisticRegression,HMM_GMM,7,"{'n_components': 2, 'n_mix': 5, 'covariance_type': 'diag'}",0.565,0.5258348574405868,"{'C': np.float64(33.59818286283781), 'class_weight': None, 'dual': False, 'fit_intercept': True, 'intercept_scaling': 1, 'l1_ratio': None, 'max_iter': 100, 'multi_class': 'deprecated', 'n_jobs': None, 'penalty': 'l2', 'random_state': 42, 'solver': 'saga', 'tol': 0.0001, 'verbose': 0, 'warm_start': False}",0.05106306076049805
Coffee,4,5,4,2,KNN,HMM_GMM,8,"{'n_components': 1, 'n_mix': 3, 'covariance_type': 'full'}",0.68,0.6742608301598785,"{'algorithm': 'auto', 'leaf_size': 30, 'metric': 'euclidean', 'metric_params': None, 'n_jobs': None, 'n_neighbors': np.int64(9), 'p': 2, 'weights': 'distance'}",0.009924173355102539
Coffee,4,5,4,2,RandomForest,HMM_GMM,8,"{'n_components': 1, 'n_mix': 3, 'covariance_type': 'full'}",0.7633333333333333,0.7580632966319688,"{'bootstrap': True, 'ccp_alpha': 0.0, 'class_weight': 'balanced', 'criterion': 'gini', 'max_depth': None, 'max_features': 'sqrt', 'max_leaf_nodes': None, 'max_samples': None, 'min_impurity_decrease': 0.0, 'min_samples_leaf': 2, 'min_samples_split': 2, 'min_weight_fraction_leaf': 0.0, 'monotonic_cst': None, 'n_estimators': 150, 'n_jobs': None, 'oob_score': False, 'random_state': 42, 'verbose': 0, 'warm_start': False}",0.6856606006622314
Coffee,4,5,4,2,LinearSVC,HMM_GMM,8,"{'n_components': 1, 'n_mix': 3, 'covariance_type': 'full'}",0.4866666666666667,0.37567978466378044,"{'C': np.float64(33.59818286283781), 'class_weight': None, 'dual': False, 'fit_intercept': True, 'intercept_scaling': 1, 'loss': 'squared_hinge', 'max_iter': 100, 'multi_class': 'ovr', 'penalty': 'l1', 'random_state': 42, 'tol': 0.001, 'verbose': 0}",0.029638051986694336
Coffee,4,5,4,2,LogisticRegression,HMM_GMM,8,"{'n_components': 1, 'n_mix': 3, 'covariance_type': 'full'}",0.5266666666666666,0.4562241239587856,"{'C': np.float64(0.4832930238571752), 'class_weight': 'balanced', 'dual': False, 'fit_intercept': True, 'intercept_scaling': 1, 'l1_ratio': None, 'max_iter': 100, 'multi_class': 'deprecated', 'n_jobs': None, 'penalty': 'l2', 'random_state': 42, 'solver': 'lbfgs', 'tol': 0.0001, 'verbose': 0, 'warm_start': False}",0.04800868034362793
Coffee,4,5,4,2,KNN,HMM_GMM,9,"{'n_components': 5, 'n_mix': 1, 'covariance_type': 'diag'}",0.6783333333333333,0.6797271924086342,"{'algorithm': 'auto', 'leaf_size': 30, 'metric': 'chebyshev', 'metric_params': None, 'n_jobs': None, 'n_neighbors': np.int64(5), 'p': 2, 'weights': 'uniform'}",0.024552583694458008
Coffee,4,5,4,2,RandomForest,HMM_GMM,9,"{'n_components': 5, 'n_mix': 1, 'covariance_type': 'diag'}",0.7733333333333333,0.7648935557284015,"{'bootstrap': True, 'ccp_alpha': 0.0, 'class_weight': 'balanced', 'criterion': 'gini', 'max_depth': None, 'max_features': 'sqrt', 'max_leaf_nodes': None, 'max_samples': None, 'min_impurity_decrease': 0.0, 'min_samples_leaf': 1, 'min_samples_split': 2, 'min_weight_fraction_leaf': 0.0, 'monotonic_cst': None, 'n_estimators': 50, 'n_jobs': None, 'oob_score': False, 'random_state': 42, 'verbose': 0, 'warm_start': False}",0.17987561225891113
Coffee,4,5,4,2,LinearSVC,HMM_GMM,9,"{'n_components': 5, 'n_mix': 1, 'covariance_type': 'diag'}",0.515,0.4061166198228018,"{'C': np.float64(183.29807108324337), 'class_weight': 'balanced', 'dual': False, 'fit_intercept': True, 'intercept_scaling': 1, 'loss': 'squared_hinge', 'max_iter': 100, 'multi_class': 'ovr', 'penalty': 'l1', 'random_state': 42, 'tol': 0.0001, 'verbose': 0}",0.01973748207092285
Coffee,4,5,4,2,LogisticRegression,HMM_GMM,9,"{'n_components': 5, 'n_mix': 1, 'covariance_type': 'diag'}",0.6333333333333333,0.6090709493085399,"{'C': np.float64(1000.0), 'class_weight': 'balanced', 'dual': False, 'fit_intercept': True, 'intercept_scaling': 1, 'l1_ratio': None, 'max_iter': 100, 'multi_class': 'deprecated', 'n_jobs': None, 'penalty': 'l2', 'random_state': 42, 'solver': 'sag', 'tol': 0.0001, 'verbose': 0, 'warm_start': False}",0.028275489807128906
Coffee,4,5,4,2,KNN,HMM_GMM,10,"{'n_components': 3, 'n_mix': 5, 'covariance_type': 'diag'}",0.6466666666666666,0.6156348047170832,"{'algorithm': 'auto', 'leaf_size': 30, 'metric': 'euclidean', 'metric_params': None, 'n_jobs': None, 'n_neighbors': np.int64(9), 'p': 2, 'weights': 'distance'}",0.01053476333618164
Coffee,4,5,4,2,RandomForest,HMM_GMM,10,"{'n_components': 3, 'n_mix': 5, 'covariance_type': 'diag'}",0.7333333333333333,0.7167285788346924,"{'bootstrap': True, 'ccp_alpha': 0.0, 'class_weight': 'balanced', 'criterion': 'gini', 'max_depth': 20, 'max_features': 'sqrt', 'max_leaf_nodes': None, 'max_samples': None, 'min_impurity_decrease': 0.0, 'min_samples_leaf': 2, 'min_samples_split': 5, 'min_weight_fraction_leaf': 0.0, 'monotonic_cst': None, 'n_estimators': 50, 'n_jobs': None, 'oob_score': False, 'random_state': 42, 'verbose': 0, 'warm_start': False}",0.183579683303833
Coffee,4,5,4,2,LinearSVC,HMM_GMM,10,"{'n_components': 3, 'n_mix': 5, 'covariance_type': 'diag'}",0.44,0.3403456701113514,"{'C': np.float64(33.59818286283781), 'class_weight': 'balanced', 'dual': False, 'fit_intercept': True, 'intercept_scaling': 1, 'loss': 'squared_hinge', 'max_iter': 100, 'multi_class': 'ovr', 'penalty': 'l1', 'random_state': 42, 'tol': 0.0001, 'verbose': 0}",0.0236814022064209
Coffee,4,5,4,2,LogisticRegression,HMM_GMM,10,"{'n_components': 3, 'n_mix': 5, 'covariance_type': 'diag'}",0.4816666666666667,0.42329286716054876,"{'C': np.float64(0.4832930238571752), 'class_weight': 'balanced', 'dual': False, 'fit_intercept': True, 'intercept_scaling': 1, 'l1_ratio': None, 'max_iter': 100, 'multi_class': 'deprecated', 'n_jobs': None, 'penalty': 'l1', 'random_state': 42, 'solver': 'saga', 'tol': 0.0001, 'verbose': 0, 'warm_start': False}",0.08829069137573242
Coffee,4,5,4,3,KNN,HMM_GMM,1,"{'n_components': 2, 'n_mix': 1, 'covariance_type': 'diag'}",0.6633333333333333,0.6348834255976448,"{'algorithm': 'auto', 'leaf_size': 30, 'metric': 'euclidean', 'metric_params': None, 'n_jobs': None, 'n_neighbors': np.int64(9), 'p': 2, 'weights': 'distance'}",0.015332937240600586
Coffee,4,5,4,3,RandomForest,HMM_GMM,1,"{'n_components': 2, 'n_mix': 1, 'covariance_type': 'diag'}",0.7083333333333334,0.697693414283276,"{'bootstrap': True, 'ccp_alpha': 0.0, 'class_weight': 'balanced', 'criterion': 'gini', 'max_depth': None, 'max_features': 'sqrt', 'max_leaf_nodes': None, 'max_samples': None, 'min_impurity_decrease': 0.0, 'min_samples_leaf': 1, 'min_samples_split': 2, 'min_weight_fraction_leaf': 0.0, 'monotonic_cst': None, 'n_estimators': 50, 'n_jobs': None, 'oob_score': False, 'random_state': 42, 'verbose': 0, 'warm_start': False}",0.2832973003387451
Coffee,4,5,4,3,LinearSVC,HMM_GMM,1,"{'n_components': 2, 'n_mix': 1, 'covariance_type': 'diag'}",0.5766666666666667,0.5240740740740741,"{'C': np.float64(183.29807108324337), 'class_weight': 'balanced', 'dual': False, 'fit_intercept': True, 'intercept_scaling': 1, 'loss': 'squared_hinge', 'max_iter': 100, 'multi_class': 'ovr', 'penalty': 'l1', 'random_state': 42, 'tol': 0.0001, 'verbose': 0}",0.018534421920776367
Coffee,4,5,4,3,LogisticRegression,HMM_GMM,1,"{'n_components': 2, 'n_mix': 1, 'covariance_type': 'diag'}",0.6316666666666667,0.614098319980673,"{'C': np.float64(33.59818286283781), 'class_weight': 'balanced', 'dual': False, 'fit_intercept': True, 'intercept_scaling': 1, 'l1_ratio': None, 'max_iter': 100, 'multi_class': 'deprecated', 'n_jobs': None, 'penalty': 'l1', 'random_state': 42, 'solver': 'saga', 'tol': 0.0001, 'verbose': 0, 'warm_start': False}",0.038579702377319336
Coffee,4,5,4,3,KNN,HMM_GMM,2,"{'n_components': 2, 'n_mix': 4, 'covariance_type': 'tied'}",0.725,0.7175395416740069,"{'algorithm': 'auto', 'leaf_size': 30, 'metric': 'euclidean', 'metric_params': None, 'n_jobs': None, 'n_neighbors': np.int64(9), 'p': 2, 'weights': 'distance'}",0.011420488357543945
Coffee,4,5,4,3,RandomForest,HMM_GMM,2,"{'n_components': 2, 'n_mix': 4, 'covariance_type': 'tied'}",0.68,0.6474226007046844,"{'bootstrap': True, 'ccp_alpha': 0.0, 'class_weight': 'balanced', 'criterion': 'gini', 'max_depth': None, 'max_features': 'sqrt', 'max_leaf_nodes': None, 'max_samples': None, 'min_impurity_decrease': 0.0, 'min_samples_leaf': 4, 'min_samples_split': 2, 'min_weight_fraction_leaf': 0.0, 'monotonic_cst': None, 'n_estimators': 50, 'n_jobs': None, 'oob_score': False, 'random_state': 42, 'verbose': 0, 'warm_start': False}",0.20102787017822266
Coffee,4,5,4,3,LinearSVC,HMM_GMM,2,"{'n_components': 2, 'n_mix': 4, 'covariance_type': 'tied'}",0.44333333333333336,0.3182925344050664,"{'C': np.float64(2.6366508987303554), 'class_weight': 'balanced', 'dual': False, 'fit_intercept': True, 'intercept_scaling': 1, 'loss': 'squared_hinge', 'max_iter': 100, 'multi_class': 'ovr', 'penalty': 'l1', 'random_state': 42, 'tol': 0.0001, 'verbose': 0}",0.039075374603271484
Coffee,4,5,4,3,LogisticRegression,HMM_GMM,2,"{'n_components': 2, 'n_mix': 4, 'covariance_type': 'tied'}",0.4866666666666667,0.42145364376123107,"{'C': np.float64(33.59818286283781), 'class_weight': None, 'dual': False, 'fit_intercept': True, 'intercept_scaling': 1, 'l1_ratio': None, 'max_iter': 100, 'multi_class': 'deprecated', 'n_jobs': None, 'penalty': 'l2', 'random_state': 42, 'solver': 'saga', 'tol': 0.0001, 'verbose': 0, 'warm_start': False}",0.1815650463104248
Coffee,4,5,4,3,KNN,HMM_GMM,3,"{'n_components': 1, 'n_mix': 3, 'covariance_type': 'diag'}",0.7566666666666667,0.75614406148933,"{'algorithm': 'auto', 'leaf_size': 30, 'metric': 'chebyshev', 'metric_params': None, 'n_jobs': None, 'n_neighbors': np.int64(5), 'p': 2, 'weights': 'uniform'}",0.028943777084350586
Coffee,4,5,4,3,RandomForest,HMM_GMM,3,"{'n_components': 1, 'n_mix': 3, 'covariance_type': 'diag'}",0.7216666666666667,0.7125165529517961,"{'bootstrap': True, 'ccp_alpha': 0.0, 'class_weight': 'balanced', 'criterion': 'gini', 'max_depth': None, 'max_features': 'sqrt', 'max_leaf_nodes': None, 'max_samples': None, 'min_impurity_decrease': 0.0, 'min_samples_leaf': 2, 'min_samples_split': 2, 'min_weight_fraction_leaf': 0.0, 'monotonic_cst': None, 'n_estimators': 150, 'n_jobs': None, 'oob_score': False, 'random_state': 42, 'verbose': 0, 'warm_start': False}",0.7255425453186035
Coffee,4,5,4,3,LinearSVC,HMM_GMM,3,"{'n_components': 1, 'n_mix': 3, 'covariance_type': 'diag'}",0.6133333333333333,0.5737989806061204,"{'C': np.float64(2.6366508987303554), 'class_weight': 'balanced', 'dual': False, 'fit_intercept': True, 'intercept_scaling': 1, 'loss': 'squared_hinge', 'max_iter': 100, 'multi_class': 'ovr', 'penalty': 'l1', 'random_state': 42, 'tol': 0.0001, 'verbose': 0}",0.027814149856567383
Coffee,4,5,4,3,LogisticRegression,HMM_GMM,3,"{'n_components': 1, 'n_mix': 3, 'covariance_type': 'diag'}",0.6466666666666666,0.6271801854373339,"{'C': np.float64(0.4832930238571752), 'class_weight': 'balanced', 'dual': False, 'fit_intercept': True, 'intercept_scaling': 1, 'l1_ratio': None, 'max_iter': 100, 'multi_class': 'deprecated', 'n_jobs': None, 'penalty': 'l1', 'random_state': 42, 'solver': 'saga', 'tol': 0.0001, 'verbose': 0, 'warm_start': False}",0.1684403419494629
Coffee,4,5,4,3,KNN,HMM_GMM,4,"{'n_components': 4, 'n_mix': 3, 'covariance_type': 'diag'}",0.6533333333333333,0.6266359259653353,"{'algorithm': 'auto', 'leaf_size': 30, 'metric': 'minkowski', 'metric_params': None, 'n_jobs': None, 'n_neighbors': np.int64(13), 'p': 4, 'weights': 'distance'}",0.05198931694030762
Coffee,4,5,4,3,RandomForest,HMM_GMM,4,"{'n_components': 4, 'n_mix': 3, 'covariance_type': 'diag'}",0.745,0.7315556359903232,"{'bootstrap': True, 'ccp_alpha': 0.0, 'class_weight': 'balanced', 'criterion': 'gini', 'max_depth': None, 'max_features': 'sqrt', 'max_leaf_nodes': None, 'max_samples': None, 'min_impurity_decrease': 0.0, 'min_samples_leaf': 1, 'min_samples_split': 2, 'min_weight_fraction_leaf': 0.0, 'monotonic_cst': None, 'n_estimators': 50, 'n_jobs': None, 'oob_score': False, 'random_state': 42, 'verbose': 0, 'warm_start': False}",0.20722436904907227
Coffee,4,5,4,3,LinearSVC,HMM_GMM,4,"{'n_components': 4, 'n_mix': 3, 'covariance_type': 'diag'}",0.5,0.38665127739158944,"{'C': np.float64(2.6366508987303554), 'class_weight': 'balanced', 'dual': False, 'fit_intercept': True, 'intercept_scaling': 1, 'loss': 'squared_hinge', 'max_iter': 100, 'multi_class': 'ovr', 'penalty': 'l1', 'random_state': 42, 'tol': 0.0001, 'verbose': 0}",0.032782554626464844
Coffee,4,5,4,3,LogisticRegression,HMM_GMM,4,"{'n_components': 4, 'n_mix': 3, 'covariance_type': 'diag'}",0.5716666666666667,0.5294452440998779,"{'C': np.float64(0.4832930238571752), 'class_weight': 'balanced', 'dual': False, 'fit_intercept': True, 'intercept_scaling': 1, 'l1_ratio': None, 'max_iter': 100, 'multi_class': 'deprecated', 'n_jobs': None, 'penalty': 'l1', 'random_state': 42, 'solver': 'saga', 'tol': 0.0001, 'verbose': 0, 'warm_start': False}",0.1386580467224121
Coffee,4,5,4,3,KNN,HMM_GMM,5,"{'n_components': 1, 'n_mix': 1, 'covariance_type': 'tied'}",0.68,0.6826973169468026,"{'algorithm': 'auto', 'leaf_size': 30, 'metric': 'minkowski', 'metric_params': None, 'n_jobs': None, 'n_neighbors': np.int64(13), 'p': 4, 'weights': 'distance'}",0.034084320068359375
Coffee,4,5,4,3,RandomForest,HMM_GMM,5,"{'n_components': 1, 'n_mix': 1, 'covariance_type': 'tied'}",0.665,0.6461664841544839,"{'bootstrap': True, 'ccp_alpha': 0.0, 'class_weight': 'balanced', 'criterion': 'gini', 'max_depth': None, 'max_features': 'sqrt', 'max_leaf_nodes': None, 'max_samples': None, 'min_impurity_decrease': 0.0, 'min_samples_leaf': 4, 'min_samples_split': 2, 'min_weight_fraction_leaf': 0.0, 'monotonic_cst': None, 'n_estimators': 50, 'n_jobs': None, 'oob_score': False, 'random_state': 42, 'verbose': 0, 'warm_start': False}",0.24158978462219238
Coffee,4,5,4,3,LinearSVC,HMM_GMM,5,"{'n_components': 1, 'n_mix': 1, 'covariance_type': 'tied'}",0.42,0.30835763384446113,"{'C': np.float64(183.29807108324337), 'class_weight': 'balanced', 'dual': False, 'fit_intercept': True, 'intercept_scaling': 1, 'loss': 'squared_hinge', 'max_iter': 100, 'multi_class': 'ovr', 'penalty': 'l1', 'random_state': 42, 'tol': 0.0001, 'verbose': 0}",0.03250527381896973
Coffee,4,5,4,3,LogisticRegression,HMM_GMM,5,"{'n_components': 1, 'n_mix': 1, 'covariance_type': 'tied'}",0.44333333333333336,0.37314704923034014,"{'C': np.float64(0.4832930238571752), 'class_weight': 'balanced', 'dual': False, 'fit_intercept': True, 'intercept_scaling': 1, 'l1_ratio': None, 'max_iter': 100, 'multi_class': 'deprecated', 'n_jobs': None, 'penalty': 'l2', 'random_state': 42, 'solver': 'lbfgs', 'tol': 0.0001, 'verbose': 0, 'warm_start': False}",0.17400383949279785
Coffee,4,5,4,3,KNN,HMM_GMM,6,"{'n_components': 4, 'n_mix': 3, 'covariance_type': 'diag'}",0.6633333333333333,0.639814124146485,"{'algorithm': 'auto', 'leaf_size': 30, 'metric': 'minkowski', 'metric_params': None, 'n_jobs': None, 'n_neighbors': np.int64(13), 'p': 4, 'weights': 'distance'}",0.05127310752868652
Coffee,4,5,4,3,RandomForest,HMM_GMM,6,"{'n_components': 4, 'n_mix': 3, 'covariance_type': 'diag'}",0.7566666666666667,0.7467948787263924,"{'bootstrap': True, 'ccp_alpha': 0.0, 'class_weight': 'balanced', 'criterion': 'gini', 'max_depth': 30, 'max_features': 'sqrt', 'max_leaf_nodes': None, 'max_samples': None, 'min_impurity_decrease': 0.0, 'min_samples_leaf': 1, 'min_samples_split': 2, 'min_weight_fraction_leaf': 0.0, 'monotonic_cst': None, 'n_estimators': 150, 'n_jobs': None, 'oob_score': False, 'random_state': 42, 'verbose': 0, 'warm_start': False}",0.6463019847869873
Coffee,4,5,4,3,LinearSVC,HMM_GMM,6,"{'n_components': 4, 'n_mix': 3, 'covariance_type': 'diag'}",0.5016666666666667,0.3919697845275619,"{'C': np.float64(2.6366508987303554), 'class_weight': 'balanced', 'dual': False, 'fit_intercept': True, 'intercept_scaling': 1, 'loss': 'squared_hinge', 'max_iter': 100, 'multi_class': 'ovr', 'penalty': 'l1', 'random_state': 42, 'tol': 0.0001, 'verbose': 0}",0.03348231315612793
Coffee,4,5,4,3,LogisticRegression,HMM_GMM,6,"{'n_components': 4, 'n_mix': 3, 'covariance_type': 'diag'}",0.5866666666666667,0.550445503320808,"{'C': np.float64(0.4832930238571752), 'class_weight': 'balanced', 'dual': False, 'fit_intercept': True, 'intercept_scaling': 1, 'l1_ratio': None, 'max_iter': 100, 'multi_class': 'deprecated', 'n_jobs': None, 'penalty': 'l1', 'random_state': 42, 'solver': 'saga', 'tol': 0.0001, 'verbose': 0, 'warm_start': False}",0.13681840896606445
Coffee,4,5,4,3,KNN,HMM_GMM,7,"{'n_components': 2, 'n_mix': 5, 'covariance_type': 'diag'}",0.67,0.6483804272319404,"{'algorithm': 'auto', 'leaf_size': 30, 'metric': 'minkowski', 'metric_params': None, 'n_jobs': None, 'n_neighbors': np.int64(13), 'p': 4, 'weights': 'distance'}",0.03692364692687988
Coffee,4,5,4,3,RandomForest,HMM_GMM,7,"{'n_components': 2, 'n_mix': 5, 'covariance_type': 'diag'}",0.765,0.755630121072311,"{'bootstrap': True, 'ccp_alpha': 0.0, 'class_weight': 'balanced', 'criterion': 'gini', 'max_depth': 20, 'max_features': 'sqrt', 'max_leaf_nodes': None, 'max_samples': None, 'min_impurity_decrease': 0.0, 'min_samples_leaf': 2, 'min_samples_split': 10, 'min_weight_fraction_leaf': 0.0, 'monotonic_cst': None, 'n_estimators': 150, 'n_jobs': None, 'oob_score': False, 'random_state': 42, 'verbose': 0, 'warm_start': False}",0.7552874088287354
Coffee,4,5,4,3,LinearSVC,HMM_GMM,7,"{'n_components': 2, 'n_mix': 5, 'covariance_type': 'diag'}",0.525,0.4032060629645269,"{'C': np.float64(183.29807108324337), 'class_weight': 'balanced', 'dual': False, 'fit_intercept': True, 'intercept_scaling': 1, 'loss': 'squared_hinge', 'max_iter': 100, 'multi_class': 'ovr', 'penalty': 'l1', 'random_state': 42, 'tol': 0.0001, 'verbose': 0}",0.038884878158569336
Coffee,4,5,4,3,LogisticRegression,HMM_GMM,7,"{'n_components': 2, 'n_mix': 5, 'covariance_type': 'diag'}",0.59,0.5527290519104686,"{'C': np.float64(33.59818286283781), 'class_weight': 'balanced', 'dual': False, 'fit_intercept': True, 'intercept_scaling': 1, 'l1_ratio': None, 'max_iter': 100, 'multi_class': 'deprecated', 'n_jobs': None, 'penalty': 'l1', 'random_state': 42, 'solver': 'saga', 'tol': 0.0001, 'verbose': 0, 'warm_start': False}",0.054079532623291016
Coffee,4,5,4,3,KNN,HMM_GMM,8,"{'n_components': 1, 'n_mix': 3, 'covariance_type': 'full'}",0.68,0.6742608301598785,"{'algorithm': 'auto', 'leaf_size': 30, 'metric': 'euclidean', 'metric_params': None, 'n_jobs': None, 'n_neighbors': np.int64(9), 'p': 2, 'weights': 'distance'}",0.011722564697265625
Coffee,4,5,4,3,RandomForest,HMM_GMM,8,"{'n_components': 1, 'n_mix': 3, 'covariance_type': 'full'}",0.75,0.7416291964766947,"{'bootstrap': True, 'ccp_alpha': 0.0, 'class_weight': 'balanced', 'criterion': 'gini', 'max_depth': 30, 'max_features': 'sqrt', 'max_leaf_nodes': None, 'max_samples': None, 'min_impurity_decrease': 0.0, 'min_samples_leaf': 1, 'min_samples_split': 2, 'min_weight_fraction_leaf': 0.0, 'monotonic_cst': None, 'n_estimators': 150, 'n_jobs': None, 'oob_score': False, 'random_state': 42, 'verbose': 0, 'warm_start': False}",0.7252097129821777
Coffee,4,5,4,3,LinearSVC,HMM_GMM,8,"{'n_components': 1, 'n_mix': 3, 'covariance_type': 'full'}",0.49,0.3797484854142029,"{'C': np.float64(183.29807108324337), 'class_weight': 'balanced', 'dual': False, 'fit_intercept': True, 'intercept_scaling': 1, 'loss': 'squared_hinge', 'max_iter': 100, 'multi_class': 'ovr', 'penalty': 'l1', 'random_state': 42, 'tol': 0.0001, 'verbose': 0}",0.035666704177856445
Coffee,4,5,4,3,LogisticRegression,HMM_GMM,8,"{'n_components': 1, 'n_mix': 3, 'covariance_type': 'full'}",0.6566666666666666,0.637092971924142,"{'C': np.float64(33.59818286283781), 'class_weight': 'balanced', 'dual': False, 'fit_intercept': True, 'intercept_scaling': 1, 'l1_ratio': None, 'max_iter': 100, 'multi_class': 'deprecated', 'n_jobs': None, 'penalty': 'l2', 'random_state': 42, 'solver': 'saga', 'tol': 0.0001, 'verbose': 0, 'warm_start': False}",0.11501526832580566
Coffee,4,5,4,3,KNN,HMM_GMM,9,"{'n_components': 5, 'n_mix': 1, 'covariance_type': 'diag'}",0.7066666666666667,0.7084681565187738,"{'algorithm': 'auto', 'leaf_size': 30, 'metric': 'minkowski', 'metric_params': None, 'n_jobs': None, 'n_neighbors': np.int64(13), 'p': 4, 'weights': 'distance'}",0.11969280242919922
Coffee,4,5,4,3,RandomForest,HMM_GMM,9,"{'n_components': 5, 'n_mix': 1, 'covariance_type': 'diag'}",0.775,0.7688039397221238,"{'bootstrap': True, 'ccp_alpha': 0.0, 'class_weight': 'balanced', 'criterion': 'gini', 'max_depth': 30, 'max_features': 'sqrt', 'max_leaf_nodes': None, 'max_samples': None, 'min_impurity_decrease': 0.0, 'min_samples_leaf': 1, 'min_samples_split': 2, 'min_weight_fraction_leaf': 0.0, 'monotonic_cst': None, 'n_estimators': 150, 'n_jobs': None, 'oob_score': False, 'random_state': 42, 'verbose': 0, 'warm_start': False}",0.7895240783691406
Coffee,4,5,4,3,LinearSVC,HMM_GMM,9,"{'n_components': 5, 'n_mix': 1, 'covariance_type': 'diag'}",0.5933333333333334,0.5421918128409238,"{'C': np.float64(33.59818286283781), 'class_weight': 'balanced', 'dual': False, 'fit_intercept': True, 'intercept_scaling': 1, 'loss': 'squared_hinge', 'max_iter': 100, 'multi_class': 'ovr', 'penalty': 'l1', 'random_state': 42, 'tol': 0.001, 'verbose': 0}",0.030971527099609375
Coffee,4,5,4,3,LogisticRegression,HMM_GMM,9,"{'n_components': 5, 'n_mix': 1, 'covariance_type': 'diag'}",0.7083333333333334,0.701806938343138,"{'C': np.float64(2.6366508987303554), 'class_weight': 'balanced', 'dual': False, 'fit_intercept': True, 'intercept_scaling': 1, 'l1_ratio': None, 'max_iter': 100, 'multi_class': 'deprecated', 'n_jobs': None, 'penalty': 'l1', 'random_state': 42, 'solver': 'saga', 'tol': 0.0001, 'verbose': 0, 'warm_start': False}",0.15190696716308594
Coffee,4,5,4,3,KNN,HMM_GMM,10,"{'n_components': 3, 'n_mix': 5, 'covariance_type': 'diag'}",0.6433333333333333,0.6108609130213599,"{'algorithm': 'auto', 'leaf_size': 30, 'metric': 'chebyshev', 'metric_params': None, 'n_jobs': None, 'n_neighbors': np.int64(5), 'p': 2, 'weights': 'uniform'}",0.030086994171142578
Coffee,4,5,4,3,RandomForest,HMM_GMM,10,"{'n_components': 3, 'n_mix': 5, 'covariance_type': 'diag'}",0.7166666666666667,0.697774311134019,"{'bootstrap': True, 'ccp_alpha': 0.0, 'class_weight': 'balanced', 'criterion': 'gini', 'max_depth': 30, 'max_features': 'sqrt', 'max_leaf_nodes': None, 'max_samples': None, 'min_impurity_decrease': 0.0, 'min_samples_leaf': 1, 'min_samples_split': 2, 'min_weight_fraction_leaf': 0.0, 'monotonic_cst': None, 'n_estimators': 150, 'n_jobs': None, 'oob_score': False, 'random_state': 42, 'verbose': 0, 'warm_start': False}",0.6486413478851318
Coffee,4,5,4,3,LinearSVC,HMM_GMM,10,"{'n_components': 3, 'n_mix': 5, 'covariance_type': 'diag'}",0.43,0.3323272449372743,"{'C': np.float64(33.59818286283781), 'class_weight': None, 'dual': False, 'fit_intercept': True, 'intercept_scaling': 1, 'loss': 'squared_hinge', 'max_iter': 100, 'multi_class': 'ovr', 'penalty': 'l1', 'random_state': 42, 'tol': 0.001, 'verbose': 0}",0.03831195831298828
Coffee,4,5,4,3,LogisticRegression,HMM_GMM,10,"{'n_components': 3, 'n_mix': 5, 'covariance_type': 'diag'}",0.4683333333333333,0.4173486039013911,"{'C': np.float64(183.29807108324337), 'class_weight': None, 'dual': False, 'fit_intercept': True, 'intercept_scaling': 1, 'l1_ratio': None, 'max_iter': 100, 'multi_class': 'deprecated', 'n_jobs': None, 'penalty': 'l2', 'random_state': 42, 'solver': 'saga', 'tol': 0.0001, 'verbose': 0, 'warm_start': False}",0.23196697235107422
Coffee,4,5,4,5,KNN,HMM_GMM,1,"{'n_components': 2, 'n_mix': 1, 'covariance_type': 'diag'}",0.6716666666666666,0.64203549622165,"{'algorithm': 'auto', 'leaf_size': 30, 'metric': 'minkowski', 'metric_params': None, 'n_jobs': None, 'n_neighbors': np.int64(5), 'p': 3, 'weights': 'distance'}",0.07442331314086914
Coffee,4,5,4,5,RandomForest,HMM_GMM,1,"{'n_components': 2, 'n_mix': 1, 'covariance_type': 'diag'}",0.73,0.7186131359410659,"{'bootstrap': True, 'ccp_alpha': 0.0, 'class_weight': None, 'criterion': 'gini', 'max_depth': None, 'max_features': 'sqrt', 'max_leaf_nodes': None, 'max_samples': None, 'min_impurity_decrease': 0.0, 'min_samples_leaf': 4, 'min_samples_split': 2, 'min_weight_fraction_leaf': 0.0, 'monotonic_cst': None, 'n_estimators': 50, 'n_jobs': None, 'oob_score': False, 'random_state': 42, 'verbose': 0, 'warm_start': False}",0.2708005905151367
Coffee,4,5,4,5,LinearSVC,HMM_GMM,1,"{'n_components': 2, 'n_mix': 1, 'covariance_type': 'diag'}",0.5733333333333334,0.5208237359263624,"{'C': np.float64(33.59818286283781), 'class_weight': None, 'dual': False, 'fit_intercept': True, 'intercept_scaling': 1, 'loss': 'squared_hinge', 'max_iter': 100, 'multi_class': 'ovr', 'penalty': 'l1', 'random_state': 42, 'tol': 0.001, 'verbose': 0}",0.020666122436523438
Coffee,4,5,4,5,LogisticRegression,HMM_GMM,1,"{'n_components': 2, 'n_mix': 1, 'covariance_type': 'diag'}",0.6283333333333333,0.6088905796988532,"{'C': np.float64(2.6366508987303554), 'class_weight': 'balanced', 'dual': False, 'fit_intercept': True, 'intercept_scaling': 1, 'l1_ratio': None, 'max_iter': 100, 'multi_class': 'deprecated', 'n_jobs': None, 'penalty': 'l1', 'random_state': 42, 'solver': 'saga', 'tol': 0.0001, 'verbose': 0, 'warm_start': False}",0.250194787979126
Coffee,4,5,4,5,KNN,HMM_GMM,2,"{'n_components': 2, 'n_mix': 4, 'covariance_type': 'tied'}",0.73,0.7238942748521389,"{'algorithm': 'auto', 'leaf_size': 30, 'metric': 'euclidean', 'metric_params': None, 'n_jobs': None, 'n_neighbors': np.int64(15), 'p': 2, 'weights': 'distance'}",0.04249882698059082
Coffee,4,5,4,5,RandomForest,HMM_GMM,2,"{'n_components': 2, 'n_mix': 4, 'covariance_type': 'tied'}",0.6783333333333333,0.6457359324682405,"{'bootstrap': True, 'ccp_alpha': 0.0, 'class_weight': None, 'criterion': 'gini', 'max_depth': 30, 'max_features': 'sqrt', 'max_leaf_nodes': None, 'max_samples': None, 'min_impurity_decrease': 0.0, 'min_samples_leaf': 4, 'min_samples_split': 2, 'min_weight_fraction_leaf': 0.0, 'monotonic_cst': None, 'n_estimators': 50, 'n_jobs': None, 'oob_score': False, 'random_state': 42, 'verbose': 0, 'warm_start': False}",0.2414720058441162
Coffee,4,5,4,5,LinearSVC,HMM_GMM,2,"{'n_components': 2, 'n_mix': 4, 'covariance_type': 'tied'}",0.47,0.38219347233050666,"{'C': np.float64(1000.0), 'class_weight': 'balanced', 'dual': False, 'fit_intercept': True, 'intercept_scaling': 1, 'loss': 'squared_hinge', 'max_iter': 100, 'multi_class': 'ovr', 'penalty': 'l2', 'random_state': 42, 'tol': 0.001, 'verbose': 0}",0.024887561798095703
Coffee,4,5,4,5,LogisticRegression,HMM_GMM,2,"{'n_components': 2, 'n_mix': 4, 'covariance_type': 'tied'}",0.5066666666666667,0.4583743891855275,"{'C': np.float64(0.4832930238571752), 'class_weight': None, 'dual': False, 'fit_intercept': True, 'intercept_scaling': 1, 'l1_ratio': None, 'max_iter': 100, 'multi_class': 'deprecated', 'n_jobs': None, 'penalty': 'l1', 'random_state': 42, 'solver': 'saga', 'tol': 0.0001, 'verbose': 0, 'warm_start': False}",0.23721647262573242
Coffee,4,5,4,5,KNN,HMM_GMM,3,"{'n_components': 1, 'n_mix': 3, 'covariance_type': 'diag'}",0.7633333333333333,0.7626349719017474,"{'algorithm': 'auto', 'leaf_size': 30, 'metric': 'minkowski', 'metric_params': None, 'n_jobs': None, 'n_neighbors': np.int64(5), 'p': 3, 'weights': 'distance'}",0.07660460472106934
Coffee,4,5,4,5,RandomForest,HMM_GMM,3,"{'n_components': 1, 'n_mix': 3, 'covariance_type': 'diag'}",0.7183333333333334,0.7102397973969495,"{'bootstrap': True, 'ccp_alpha': 0.0, 'class_weight': 'balanced', 'criterion': 'gini', 'max_depth': None, 'max_features': 'sqrt', 'max_leaf_nodes': None, 'max_samples': None, 'min_impurity_decrease': 0.0, 'min_samples_leaf': 2, 'min_samples_split': 2, 'min_weight_fraction_leaf': 0.0, 'monotonic_cst': None, 'n_estimators': 150, 'n_jobs': None, 'oob_score': False, 'random_state': 42, 'verbose': 0, 'warm_start': False}",0.9387962818145752
Coffee,4,5,4,5,LinearSVC,HMM_GMM,3,"{'n_components': 1, 'n_mix': 3, 'covariance_type': 'diag'}",0.615,0.5771904531262244,"{'C': np.float64(33.59818286283781), 'class_weight': 'balanced', 'dual': False, 'fit_intercept': True, 'intercept_scaling': 1, 'loss': 'squared_hinge', 'max_iter': 100, 'multi_class': 'ovr', 'penalty': 'l1', 'random_state': 42, 'tol': 0.001, 'verbose': 0}",0.03859353065490723
Coffee,4,5,4,5,LogisticRegression,HMM_GMM,3,"{'n_components': 1, 'n_mix': 3, 'covariance_type': 'diag'}",0.6416666666666667,0.6210220602317866,"{'C': np.float64(33.59818286283781), 'class_weight': None, 'dual': False, 'fit_intercept': True, 'intercept_scaling': 1, 'l1_ratio': None, 'max_iter': 100, 'multi_class': 'deprecated', 'n_jobs': None, 'penalty': 'l2', 'random_state': 42, 'solver': 'saga', 'tol': 0.0001, 'verbose': 0, 'warm_start': False}",0.030371665954589844
Coffee,4,5,4,5,KNN,HMM_GMM,4,"{'n_components': 4, 'n_mix': 3, 'covariance_type': 'diag'}",0.6766666666666666,0.6567373112148679,"{'algorithm': 'auto', 'leaf_size': 30, 'metric': 'euclidean', 'metric_params': None, 'n_jobs': None, 'n_neighbors': np.int64(15), 'p': 2, 'weights': 'distance'}",0.023293256759643555
Coffee,4,5,4,5,RandomForest,HMM_GMM,4,"{'n_components': 4, 'n_mix': 3, 'covariance_type': 'diag'}",0.7583333333333333,0.7472565522732032,"{'bootstrap': True, 'ccp_alpha': 0.0, 'class_weight': 'balanced', 'criterion': 'gini', 'max_depth': None, 'max_features': 'sqrt', 'max_leaf_nodes': None, 'max_samples': None, 'min_impurity_decrease': 0.0, 'min_samples_leaf': 1, 'min_samples_split': 2, 'min_weight_fraction_leaf': 0.0, 'monotonic_cst': None, 'n_estimators': 50, 'n_jobs': None, 'oob_score': False, 'random_state': 42, 'verbose': 0, 'warm_start': False}",0.23702073097229004
Coffee,4,5,4,5,LinearSVC,HMM_GMM,4,"{'n_components': 4, 'n_mix': 3, 'covariance_type': 'diag'}",0.5233333333333333,0.42302805000370775,"{'C': np.float64(2.6366508987303554), 'class_weight': 'balanced', 'dual': False, 'fit_intercept': True, 'intercept_scaling': 1, 'loss': 'squared_hinge', 'max_iter': 100, 'multi_class': 'ovr', 'penalty': 'l1', 'random_state': 42, 'tol': 0.0001, 'verbose': 0}",0.0537571907043457
Coffee,4,5,4,5,LogisticRegression,HMM_GMM,4,"{'n_components': 4, 'n_mix': 3, 'covariance_type': 'diag'}",0.6266666666666667,0.5976349843819724,"{'C': np.float64(33.59818286283781), 'class_weight': 'balanced', 'dual': False, 'fit_intercept': True, 'intercept_scaling': 1, 'l1_ratio': None, 'max_iter': 100, 'multi_class': 'deprecated', 'n_jobs': None, 'penalty': 'l1', 'random_state': 42, 'solver': 'saga', 'tol': 0.0001, 'verbose': 0, 'warm_start': False}",0.1079092025756836
Coffee,4,5,4,5,KNN,HMM_GMM,5,"{'n_components': 1, 'n_mix': 1, 'covariance_type': 'tied'}",0.6833333333333333,0.6865935736251552,"{'algorithm': 'auto', 'leaf_size': 30, 'metric': 'minkowski', 'metric_params': None, 'n_jobs': None, 'n_neighbors': np.int64(5), 'p': 3, 'weights': 'distance'}",0.0465240478515625
Coffee,4,5,4,5,RandomForest,HMM_GMM,5,"{'n_components': 1, 'n_mix': 1, 'covariance_type': 'tied'}",0.6716666666666666,0.6594140402710027,"{'bootstrap': True, 'ccp_alpha': 0.0, 'class_weight': 'balanced', 'criterion': 'gini', 'max_depth': 20, 'max_features': 'sqrt', 'max_leaf_nodes': None, 'max_samples': None, 'min_impurity_decrease': 0.0, 'min_samples_leaf': 2, 'min_samples_split': 5, 'min_weight_fraction_leaf': 0.0, 'monotonic_cst': None, 'n_estimators': 50, 'n_jobs': None, 'oob_score': False, 'random_state': 42, 'verbose': 0, 'warm_start': False}",0.2878458499908447
Coffee,4,5,4,5,LinearSVC,HMM_GMM,5,"{'n_components': 1, 'n_mix': 1, 'covariance_type': 'tied'}",0.42333333333333334,0.3191440556863412,"{'C': np.float64(1000.0), 'class_weight': 'balanced', 'dual': False, 'fit_intercept': True, 'intercept_scaling': 1, 'loss': 'squared_hinge', 'max_iter': 100, 'multi_class': 'ovr', 'penalty': 'l2', 'random_state': 42, 'tol': 0.001, 'verbose': 0}",0.02224421501159668
Coffee,4,5,4,5,LogisticRegression,HMM_GMM,5,"{'n_components': 1, 'n_mix': 1, 'covariance_type': 'tied'}",0.44666666666666666,0.3853970428592476,"{'C': np.float64(0.2069138081114788), 'class_weight': 'balanced', 'dual': False, 'fit_intercept': True, 'intercept_scaling': 1, 'l1_ratio': None, 'max_iter': 100, 'multi_class': 'deprecated', 'n_jobs': None, 'penalty': 'l2', 'random_state': 42, 'solver': 'sag', 'tol': 0.0001, 'verbose': 0, 'warm_start': False}",0.04643106460571289
Coffee,4,5,4,5,KNN,HMM_GMM,6,"{'n_components': 4, 'n_mix': 3, 'covariance_type': 'diag'}",0.6766666666666666,0.6567373112148679,"{'algorithm': 'auto', 'leaf_size': 30, 'metric': 'euclidean', 'metric_params': None, 'n_jobs': None, 'n_neighbors': np.int64(15), 'p': 2, 'weights': 'distance'}",0.018795490264892578
Coffee,4,5,4,5,RandomForest,HMM_GMM,6,"{'n_components': 4, 'n_mix': 3, 'covariance_type': 'diag'}",0.7683333333333333,0.7588302175493049,"{'bootstrap': True, 'ccp_alpha': 0.0, 'class_weight': 'balanced', 'criterion': 'gini', 'max_depth': None, 'max_features': 'sqrt', 'max_leaf_nodes': None, 'max_samples': None, 'min_impurity_decrease': 0.0, 'min_samples_leaf': 1, 'min_samples_split': 2, 'min_weight_fraction_leaf': 0.0, 'monotonic_cst': None, 'n_estimators': 50, 'n_jobs': None, 'oob_score': False, 'random_state': 42, 'verbose': 0, 'warm_start': False}",0.27211546897888184
Coffee,4,5,4,5,LinearSVC,HMM_GMM,6,"{'n_components': 4, 'n_mix': 3, 'covariance_type': 'diag'}",0.5233333333333333,0.42302805000370775,"{'C': np.float64(2.6366508987303554), 'class_weight': 'balanced', 'dual': False, 'fit_intercept': True, 'intercept_scaling': 1, 'loss': 'squared_hinge', 'max_iter': 100, 'multi_class': 'ovr', 'penalty': 'l1', 'random_state': 42, 'tol': 0.0001, 'verbose': 0}",0.055959463119506836
Coffee,4,5,4,5,LogisticRegression,HMM_GMM,6,"{'n_components': 4, 'n_mix': 3, 'covariance_type': 'diag'}",0.6266666666666667,0.5976349843819724,"{'C': np.float64(33.59818286283781), 'class_weight': 'balanced', 'dual': False, 'fit_intercept': True, 'intercept_scaling': 1, 'l1_ratio': None, 'max_iter': 100, 'multi_class': 'deprecated', 'n_jobs': None, 'penalty': 'l1', 'random_state': 42, 'solver': 'saga', 'tol': 0.0001, 'verbose': 0, 'warm_start': False}",0.13404560089111328
Coffee,4,5,4,5,KNN,HMM_GMM,7,"{'n_components': 2, 'n_mix': 5, 'covariance_type': 'diag'}",0.675,0.6557136531183525,"{'algorithm': 'auto', 'leaf_size': 30, 'metric': 'euclidean', 'metric_params': None, 'n_jobs': None, 'n_neighbors': np.int64(15), 'p': 2, 'weights': 'distance'}",0.016331911087036133
Coffee,4,5,4,5,RandomForest,HMM_GMM,7,"{'n_components': 2, 'n_mix': 5, 'covariance_type': 'diag'}",0.7483333333333333,0.736403887961676,"{'bootstrap': True, 'ccp_alpha': 0.0, 'class_weight': 'balanced', 'criterion': 'gini', 'max_depth': None, 'max_features': 'sqrt', 'max_leaf_nodes': None, 'max_samples': None, 'min_impurity_decrease': 0.0, 'min_samples_leaf': 2, 'min_samples_split': 2, 'min_weight_fraction_leaf': 0.0, 'monotonic_cst': None, 'n_estimators': 150, 'n_jobs': None, 'oob_score': False, 'random_state': 42, 'verbose': 0, 'warm_start': False}",0.7740230560302734
Coffee,4,5,4,5,LinearSVC,HMM_GMM,7,"{'n_components': 2, 'n_mix': 5, 'covariance_type': 'diag'}",0.5366666666666666,0.42672847830108024,"{'C': np.float64(1000.0), 'class_weight': 'balanced', 'dual': False, 'fit_intercept': True, 'intercept_scaling': 1, 'loss': 'squared_hinge', 'max_iter': 100, 'multi_class': 'ovr', 'penalty': 'l2', 'random_state': 42, 'tol': 0.001, 'verbose': 0}",0.0227200984954834
Coffee,4,5,4,5,LogisticRegression,HMM_GMM,7,"{'n_components': 2, 'n_mix': 5, 'covariance_type': 'diag'}",0.6033333333333334,0.5691574877474445,"{'C': np.float64(0.4832930238571752), 'class_weight': None, 'dual': False, 'fit_intercept': True, 'intercept_scaling': 1, 'l1_ratio': None, 'max_iter': 100, 'multi_class': 'deprecated', 'n_jobs': None, 'penalty': 'l1', 'random_state': 42, 'solver': 'saga', 'tol': 0.0001, 'verbose': 0, 'warm_start': False}",0.22826361656188965
Coffee,4,5,4,5,KNN,HMM_GMM,8,"{'n_components': 1, 'n_mix': 3, 'covariance_type': 'full'}",0.6633333333333333,0.6570050370584923,"{'algorithm': 'auto', 'leaf_size': 30, 'metric': 'minkowski', 'metric_params': None, 'n_jobs': None, 'n_neighbors': np.int64(5), 'p': 3, 'weights': 'distance'}",0.05348992347717285
Coffee,4,5,4,5,RandomForest,HMM_GMM,8,"{'n_components': 1, 'n_mix': 3, 'covariance_type': 'full'}",0.7616666666666667,0.7559459541636768,"{'bootstrap': True, 'ccp_alpha': 0.0, 'class_weight': 'balanced', 'criterion': 'gini', 'max_depth': None, 'max_features': 'sqrt', 'max_leaf_nodes': None, 'max_samples': None, 'min_impurity_decrease': 0.0, 'min_samples_leaf': 2, 'min_samples_split': 2, 'min_weight_fraction_leaf': 0.0, 'monotonic_cst': None, 'n_estimators': 150, 'n_jobs': None, 'oob_score': False, 'random_state': 42, 'verbose': 0, 'warm_start': False}",0.7477452754974365
Coffee,4,5,4,5,LinearSVC,HMM_GMM,8,"{'n_components': 1, 'n_mix': 3, 'covariance_type': 'full'}",0.495,0.38660241026786596,"{'C': np.float64(33.59818286283781), 'class_weight': None, 'dual': False, 'fit_intercept': True, 'intercept_scaling': 1, 'loss': 'squared_hinge', 'max_iter': 100, 'multi_class': 'ovr', 'penalty': 'l1', 'random_state': 42, 'tol': 0.001, 'verbose': 0}",0.05683088302612305
Coffee,4,5,4,5,LogisticRegression,HMM_GMM,8,"{'n_components': 1, 'n_mix': 3, 'covariance_type': 'full'}",0.7,0.6908091626595417,"{'C': np.float64(33.59818286283781), 'class_weight': 'balanced', 'dual': False, 'fit_intercept': True, 'intercept_scaling': 1, 'l1_ratio': None, 'max_iter': 100, 'multi_class': 'deprecated', 'n_jobs': None, 'penalty': 'l1', 'random_state': 42, 'solver': 'saga', 'tol': 0.0001, 'verbose': 0, 'warm_start': False}",0.2740781307220459
Coffee,4,5,4,5,KNN,HMM_GMM,9,"{'n_components': 5, 'n_mix': 1, 'covariance_type': 'diag'}",0.6883333333333334,0.683397639197248,"{'algorithm': 'auto', 'leaf_size': 30, 'metric': 'manhattan', 'metric_params': None, 'n_jobs': None, 'n_neighbors': np.int64(5), 'p': 2, 'weights': 'distance'}",0.021619558334350586
Coffee,4,5,4,5,RandomForest,HMM_GMM,9,"{'n_components': 5, 'n_mix': 1, 'covariance_type': 'diag'}",0.755,0.7462707035588392,"{'bootstrap': True, 'ccp_alpha': 0.0, 'class_weight': 'balanced', 'criterion': 'gini', 'max_depth': None, 'max_features': 'sqrt', 'max_leaf_nodes': None, 'max_samples': None, 'min_impurity_decrease': 0.0, 'min_samples_leaf': 2, 'min_samples_split': 2, 'min_weight_fraction_leaf': 0.0, 'monotonic_cst': None, 'n_estimators': 150, 'n_jobs': None, 'oob_score': False, 'random_state': 42, 'verbose': 0, 'warm_start': False}",0.8182711601257324
Coffee,4,5,4,5,LinearSVC,HMM_GMM,9,"{'n_components': 5, 'n_mix': 1, 'covariance_type': 'diag'}",0.675,0.6578325999801092,"{'C': np.float64(1000.0), 'class_weight': 'balanced', 'dual': False, 'fit_intercept': True, 'intercept_scaling': 1, 'loss': 'squared_hinge', 'max_iter': 100, 'multi_class': 'ovr', 'penalty': 'l2', 'random_state': 42, 'tol': 0.001, 'verbose': 0}",0.018349885940551758
Coffee,4,5,4,5,LogisticRegression,HMM_GMM,9,"{'n_components': 5, 'n_mix': 1, 'covariance_type': 'diag'}",0.74,0.7445300440032933,"{'C': np.float64(0.002976351441631319), 'class_weight': None, 'dual': False, 'fit_intercept': True, 'intercept_scaling': 1, 'l1_ratio': None, 'max_iter': 100, 'multi_class': 'deprecated', 'n_jobs': None, 'penalty': 'l2', 'random_state': 42, 'solver': 'saga', 'tol': 0.0001, 'verbose': 0, 'warm_start': False}",0.0291287899017334
Coffee,4,5,4,5,KNN,HMM_GMM,10,"{'n_components': 3, 'n_mix': 5, 'covariance_type': 'diag'}",0.6483333333333333,0.6177797688589055,"{'algorithm': 'auto', 'leaf_size': 30, 'metric': 'minkowski', 'metric_params': None, 'n_jobs': None, 'n_neighbors': np.int64(5), 'p': 3, 'weights': 'distance'}",0.051293134689331055
Coffee,4,5,4,5,RandomForest,HMM_GMM,10,"{'n_components': 3, 'n_mix': 5, 'covariance_type': 'diag'}",0.7183333333333334,0.7016164400532546,"{'bootstrap': True, 'ccp_alpha': 0.0, 'class_weight': 'balanced', 'criterion': 'gini', 'max_depth': None, 'max_features': 'sqrt', 'max_leaf_nodes': None, 'max_samples': None, 'min_impurity_decrease': 0.0, 'min_samples_leaf': 2, 'min_samples_split': 20, 'min_weight_fraction_leaf': 0.0, 'monotonic_cst': None, 'n_estimators': 150, 'n_jobs': None, 'oob_score': False, 'random_state': 42, 'verbose': 0, 'warm_start': False}",0.7029256820678711
Coffee,4,5,4,5,LinearSVC,HMM_GMM,10,"{'n_components': 3, 'n_mix': 5, 'covariance_type': 'diag'}",0.43333333333333335,0.3381500474140609,"{'C': np.float64(2.6366508987303554), 'class_weight': 'balanced', 'dual': False, 'fit_intercept': True, 'intercept_scaling': 1, 'loss': 'squared_hinge', 'max_iter': 100, 'multi_class': 'ovr', 'penalty': 'l1', 'random_state': 42, 'tol': 0.0001, 'verbose': 0}",0.05726766586303711
Coffee,4,5,4,5,LogisticRegression,HMM_GMM,10,"{'n_components': 3, 'n_mix': 5, 'covariance_type': 'diag'}",0.4666666666666667,0.42862398679953023,"{'C': np.float64(33.59818286283781), 'class_weight': None, 'dual': False, 'fit_intercept': True, 'intercept_scaling': 1, 'l1_ratio': None, 'max_iter': 100, 'multi_class': 'deprecated', 'n_jobs': None, 'penalty': 'l2', 'random_state': 42, 'solver': 'saga', 'tol': 0.0001, 'verbose': 0, 'warm_start': False}",0.10675287246704102
Coffee,4,5,4,10,KNN,HMM_GMM,1,"{'n_components': 2, 'n_mix': 1, 'covariance_type': 'diag'}",0.655,0.6250537142993543,"{'algorithm': 'auto', 'leaf_size': 30, 'metric': 'minkowski', 'metric_params': None, 'n_jobs': None, 'n_neighbors': 5, 'p': 2, 'weights': 'uniform'}",0.052620649337768555
Coffee,4,5,4,10,RandomForest,HMM_GMM,1,"{'n_components': 2, 'n_mix': 1, 'covariance_type': 'diag'}",0.7683333333333333,0.7621093766273804,"{'bootstrap': True, 'ccp_alpha': 0.0, 'class_weight': None, 'criterion': 'gini', 'max_depth': None, 'max_features': 'sqrt', 'max_leaf_nodes': None, 'max_samples': None, 'min_impurity_decrease': 0.0, 'min_samples_leaf': 1, 'min_samples_split': 2, 'min_weight_fraction_leaf': 0.0, 'monotonic_cst': None, 'n_estimators': 100, 'n_jobs': None, 'oob_score': False, 'random_state': 42, 'verbose': 0, 'warm_start': False}",0.7792985439300537
Coffee,4,5,4,10,LinearSVC,HMM_GMM,1,"{'n_components': 2, 'n_mix': 1, 'covariance_type': 'diag'}",0.575,0.5245187231470382,"{'C': 1.0, 'class_weight': None, 'dual': False, 'fit_intercept': True, 'intercept_scaling': 1, 'loss': 'squared_hinge', 'max_iter': 100, 'multi_class': 'ovr', 'penalty': 'l2', 'random_state': 42, 'tol': 0.0001, 'verbose': 0}",0.03371715545654297
Coffee,4,5,4,10,LogisticRegression,HMM_GMM,1,"{'n_components': 2, 'n_mix': 1, 'covariance_type': 'diag'}",0.625,0.6032342894963892,"{'C': 1.0, 'class_weight': None, 'dual': False, 'fit_intercept': True, 'intercept_scaling': 1, 'l1_ratio': None, 'max_iter': 100, 'multi_class': 'deprecated', 'n_jobs': None, 'penalty': 'l2', 'random_state': 42, 'solver': 'lbfgs', 'tol': 0.0001, 'verbose': 0, 'warm_start': False}",0.0659489631652832
Coffee,4,5,4,10,KNN,HMM_GMM,2,"{'n_components': 2, 'n_mix': 4, 'covariance_type': 'tied'}",0.725,0.7172470020621688,"{'algorithm': 'auto', 'leaf_size': 30, 'metric': 'minkowski', 'metric_params': None, 'n_jobs': None, 'n_neighbors': 5, 'p': 2, 'weights': 'uniform'}",0.04413414001464844
Coffee,4,5,4,10,RandomForest,HMM_GMM,2,"{'n_components': 2, 'n_mix': 4, 'covariance_type': 'tied'}",0.695,0.6689640888157208,"{'bootstrap': True, 'ccp_alpha': 0.0, 'class_weight': None, 'criterion': 'gini', 'max_depth': None, 'max_features': 'sqrt', 'max_leaf_nodes': None, 'max_samples': None, 'min_impurity_decrease': 0.0, 'min_samples_leaf': 1, 'min_samples_split': 2, 'min_weight_fraction_leaf': 0.0, 'monotonic_cst': None, 'n_estimators': 100, 'n_jobs': None, 'oob_score': False, 'random_state': 42, 'verbose': 0, 'warm_start': False}",0.6869430541992188
Coffee,4,5,4,10,LinearSVC,HMM_GMM,2,"{'n_components': 2, 'n_mix': 4, 'covariance_type': 'tied'}",0.4533333333333333,0.37447316107340084,"{'C': 1.0, 'class_weight': None, 'dual': False, 'fit_intercept': True, 'intercept_scaling': 1, 'loss': 'squared_hinge', 'max_iter': 100, 'multi_class': 'ovr', 'penalty': 'l2', 'random_state': 42, 'tol': 0.0001, 'verbose': 0}",0.059233903884887695
Coffee,4,5,4,10,LogisticRegression,HMM_GMM,2,"{'n_components': 2, 'n_mix': 4, 'covariance_type': 'tied'}",0.49,0.4451423343504783,"{'C': 1.0, 'class_weight': None, 'dual': False, 'fit_intercept': True, 'intercept_scaling': 1, 'l1_ratio': None, 'max_iter': 100, 'multi_class': 'deprecated', 'n_jobs': None, 'penalty': 'l2', 'random_state': 42, 'solver': 'lbfgs', 'tol': 0.0001, 'verbose': 0, 'warm_start': False}",0.48401713371276855
Coffee,4,5,4,10,KNN,HMM_GMM,3,"{'n_components': 1, 'n_mix': 3, 'covariance_type': 'diag'}",0.7283333333333334,0.7183101468815756,"{'algorithm': 'auto', 'leaf_size': 30, 'metric': 'minkowski', 'metric_params': None, 'n_jobs': None, 'n_neighbors': 5, 'p': 2, 'weights': 'uniform'}",0.06053638458251953
Coffee,4,5,4,10,RandomForest,HMM_GMM,3,"{'n_components': 1, 'n_mix': 3, 'covariance_type': 'diag'}",0.68,0.672847299455664,"{'bootstrap': True, 'ccp_alpha': 0.0, 'class_weight': None, 'criterion': 'gini', 'max_depth': None, 'max_features': 'sqrt', 'max_leaf_nodes': None, 'max_samples': None, 'min_impurity_decrease': 0.0, 'min_samples_leaf': 1, 'min_samples_split': 2, 'min_weight_fraction_leaf': 0.0, 'monotonic_cst': None, 'n_estimators': 100, 'n_jobs': None, 'oob_score': False, 'random_state': 42, 'verbose': 0, 'warm_start': False}",0.8657069206237793
Coffee,4,5,4,10,LinearSVC,HMM_GMM,3,"{'n_components': 1, 'n_mix': 3, 'covariance_type': 'diag'}",0.6133333333333333,0.5747680904242531,"{'C': 1.0, 'class_weight': None, 'dual': False, 'fit_intercept': True, 'intercept_scaling': 1, 'loss': 'squared_hinge', 'max_iter': 100, 'multi_class': 'ovr', 'penalty': 'l2', 'random_state': 42, 'tol': 0.0001, 'verbose': 0}",0.03977656364440918
Coffee,4,5,4,10,LogisticRegression,HMM_GMM,3,"{'n_components': 1, 'n_mix': 3, 'covariance_type': 'diag'}",0.6383333333333333,0.6175915218912433,"{'C': 1.0, 'class_weight': None, 'dual': False, 'fit_intercept': True, 'intercept_scaling': 1, 'l1_ratio': None, 'max_iter': 100, 'multi_class': 'deprecated', 'n_jobs': None, 'penalty': 'l2', 'random_state': 42, 'solver': 'lbfgs', 'tol': 0.0001, 'verbose': 0, 'warm_start': False}",0.11014246940612793
Coffee,4,5,4,10,KNN,HMM_GMM,4,"{'n_components': 4, 'n_mix': 3, 'covariance_type': 'diag'}",0.6716666666666666,0.6495743950849949,"{'algorithm': 'auto', 'leaf_size': 30, 'metric': 'minkowski', 'metric_params': None, 'n_jobs': None, 'n_neighbors': 5, 'p': 2, 'weights': 'uniform'}",0.05220627784729004
Coffee,4,5,4,10,RandomForest,HMM_GMM,4,"{'n_components': 4, 'n_mix': 3, 'covariance_type': 'diag'}",0.7516666666666667,0.7428788400052456,"{'bootstrap': True, 'ccp_alpha': 0.0, 'class_weight': None, 'criterion': 'gini', 'max_depth': None, 'max_features': 'sqrt', 'max_leaf_nodes': None, 'max_samples': None, 'min_impurity_decrease': 0.0, 'min_samples_leaf': 1, 'min_samples_split': 2, 'min_weight_fraction_leaf': 0.0, 'monotonic_cst': None, 'n_estimators': 100, 'n_jobs': None, 'oob_score': False, 'random_state': 42, 'verbose': 0, 'warm_start': False}",0.7207763195037842
Coffee,4,5,4,10,LinearSVC,HMM_GMM,4,"{'n_components': 4, 'n_mix': 3, 'covariance_type': 'diag'}",0.525,0.4272666623207017,"{'C': 1.0, 'class_weight': None, 'dual': False, 'fit_intercept': True, 'intercept_scaling': 1, 'loss': 'squared_hinge', 'max_iter': 100, 'multi_class': 'ovr', 'penalty': 'l2', 'random_state': 42, 'tol': 0.0001, 'verbose': 0}",0.04546499252319336
Coffee,4,5,4,10,LogisticRegression,HMM_GMM,4,"{'n_components': 4, 'n_mix': 3, 'covariance_type': 'diag'}",0.6133333333333333,0.5778144481114779,"{'C': 1.0, 'class_weight': None, 'dual': False, 'fit_intercept': True, 'intercept_scaling': 1, 'l1_ratio': None, 'max_iter': 100, 'multi_class': 'deprecated', 'n_jobs': None, 'penalty': 'l2', 'random_state': 42, 'solver': 'lbfgs', 'tol': 0.0001, 'verbose': 0, 'warm_start': False}",0.301006555557251
Coffee,4,5,4,10,KNN,HMM_GMM,5,"{'n_components': 1, 'n_mix': 1, 'covariance_type': 'tied'}",0.6883333333333334,0.6938842943067838,"{'algorithm': 'auto', 'leaf_size': 30, 'metric': 'minkowski', 'metric_params': None, 'n_jobs': None, 'n_neighbors': 5, 'p': 2, 'weights': 'uniform'}",0.049623727798461914
Coffee,4,5,4,10,RandomForest,HMM_GMM,5,"{'n_components': 1, 'n_mix': 1, 'covariance_type': 'tied'}",0.665,0.6448059949204115,"{'bootstrap': True, 'ccp_alpha': 0.0, 'class_weight': None, 'criterion': 'gini', 'max_depth': None, 'max_features': 'sqrt', 'max_leaf_nodes': None, 'max_samples': None, 'min_impurity_decrease': 0.0, 'min_samples_leaf': 1, 'min_samples_split': 2, 'min_weight_fraction_leaf': 0.0, 'monotonic_cst': None, 'n_estimators': 100, 'n_jobs': None, 'oob_score': False, 'random_state': 42, 'verbose': 0, 'warm_start': False}",0.8215420246124268
Coffee,4,5,4,10,LinearSVC,HMM_GMM,5,"{'n_components': 1, 'n_mix': 1, 'covariance_type': 'tied'}",0.425,0.32466829048903273,"{'C': 1.0, 'class_weight': None, 'dual': False, 'fit_intercept': True, 'intercept_scaling': 1, 'loss': 'squared_hinge', 'max_iter': 100, 'multi_class': 'ovr', 'penalty': 'l2', 'random_state': 42, 'tol': 0.0001, 'verbose': 0}",0.062447547912597656
Coffee,4,5,4,10,LogisticRegression,HMM_GMM,5,"{'n_components': 1, 'n_mix': 1, 'covariance_type': 'tied'}",0.44,0.38384146967443605,"{'C': 1.0, 'class_weight': None, 'dual': False, 'fit_intercept': True, 'intercept_scaling': 1, 'l1_ratio': None, 'max_iter': 100, 'multi_class': 'deprecated', 'n_jobs': None, 'penalty': 'l2', 'random_state': 42, 'solver': 'lbfgs', 'tol': 0.0001, 'verbose': 0, 'warm_start': False}",0.6297662258148193
Coffee,4,5,4,10,KNN,HMM_GMM,6,"{'n_components': 4, 'n_mix': 3, 'covariance_type': 'diag'}",0.6716666666666666,0.6495743950849949,"{'algorithm': 'auto', 'leaf_size': 30, 'metric': 'minkowski', 'metric_params': None, 'n_jobs': None, 'n_neighbors': 5, 'p': 2, 'weights': 'uniform'}",0.052277326583862305
Coffee,4,5,4,10,RandomForest,HMM_GMM,6,"{'n_components': 4, 'n_mix': 3, 'covariance_type': 'diag'}",0.75,0.7410315035010742,"{'bootstrap': True, 'ccp_alpha': 0.0, 'class_weight': None, 'criterion': 'gini', 'max_depth': None, 'max_features': 'sqrt', 'max_leaf_nodes': None, 'max_samples': None, 'min_impurity_decrease': 0.0, 'min_samples_leaf': 1, 'min_samples_split': 2, 'min_weight_fraction_leaf': 0.0, 'monotonic_cst': None, 'n_estimators': 100, 'n_jobs': None, 'oob_score': False, 'random_state': 42, 'verbose': 0, 'warm_start': False}",0.6975958347320557
Coffee,4,5,4,10,LinearSVC,HMM_GMM,6,"{'n_components': 4, 'n_mix': 3, 'covariance_type': 'diag'}",0.525,0.4272666623207017,"{'C': 1.0, 'class_weight': None, 'dual': False, 'fit_intercept': True, 'intercept_scaling': 1, 'loss': 'squared_hinge', 'max_iter': 100, 'multi_class': 'ovr', 'penalty': 'l2', 'random_state': 42, 'tol': 0.0001, 'verbose': 0}",0.04704618453979492
Coffee,4,5,4,10,LogisticRegression,HMM_GMM,6,"{'n_components': 4, 'n_mix': 3, 'covariance_type': 'diag'}",0.6116666666666667,0.5755639481473921,"{'C': 1.0, 'class_weight': None, 'dual': False, 'fit_intercept': True, 'intercept_scaling': 1, 'l1_ratio': None, 'max_iter': 100, 'multi_class': 'deprecated', 'n_jobs': None, 'penalty': 'l2', 'random_state': 42, 'solver': 'lbfgs', 'tol': 0.0001, 'verbose': 0, 'warm_start': False}",0.1889328956604004
Coffee,4,5,4,10,KNN,HMM_GMM,7,"{'n_components': 2, 'n_mix': 5, 'covariance_type': 'diag'}",0.6716666666666666,0.6501463019913668,"{'algorithm': 'auto', 'leaf_size': 30, 'metric': 'minkowski', 'metric_params': None, 'n_jobs': None, 'n_neighbors': 5, 'p': 2, 'weights': 'uniform'}",0.04453110694885254
Coffee,4,5,4,10,RandomForest,HMM_GMM,7,"{'n_components': 2, 'n_mix': 5, 'covariance_type': 'diag'}",0.77,0.7617711189084977,"{'bootstrap': True, 'ccp_alpha': 0.0, 'class_weight': None, 'criterion': 'gini', 'max_depth': None, 'max_features': 'sqrt', 'max_leaf_nodes': None, 'max_samples': None, 'min_impurity_decrease': 0.0, 'min_samples_leaf': 1, 'min_samples_split': 2, 'min_weight_fraction_leaf': 0.0, 'monotonic_cst': None, 'n_estimators': 100, 'n_jobs': None, 'oob_score': False, 'random_state': 42, 'verbose': 0, 'warm_start': False}",0.6302528381347656
Coffee,4,5,4,10,LinearSVC,HMM_GMM,7,"{'n_components': 2, 'n_mix': 5, 'covariance_type': 'diag'}",0.5433333333333333,0.43955056599487025,"{'C': 1.0, 'class_weight': None, 'dual': False, 'fit_intercept': True, 'intercept_scaling': 1, 'loss': 'squared_hinge', 'max_iter': 100, 'multi_class': 'ovr', 'penalty': 'l2', 'random_state': 42, 'tol': 0.0001, 'verbose': 0}",0.04114389419555664
Coffee,4,5,4,10,LogisticRegression,HMM_GMM,7,"{'n_components': 2, 'n_mix': 5, 'covariance_type': 'diag'}",0.6016666666666667,0.5658046021063605,"{'C': 1.0, 'class_weight': None, 'dual': False, 'fit_intercept': True, 'intercept_scaling': 1, 'l1_ratio': None, 'max_iter': 100, 'multi_class': 'deprecated', 'n_jobs': None, 'penalty': 'l2', 'random_state': 42, 'solver': 'lbfgs', 'tol': 0.0001, 'verbose': 0, 'warm_start': False}",0.1235654354095459
Coffee,4,5,4,10,KNN,HMM_GMM,8,"{'n_components': 1, 'n_mix': 3, 'covariance_type': 'full'}",0.6766666666666666,0.670492587278814,"{'algorithm': 'auto', 'leaf_size': 30, 'metric': 'minkowski', 'metric_params': None, 'n_jobs': None, 'n_neighbors': 5, 'p': 2, 'weights': 'uniform'}",0.04481029510498047
Coffee,4,5,4,10,RandomForest,HMM_GMM,8,"{'n_components': 1, 'n_mix': 3, 'covariance_type': 'full'}",0.7516666666666667,0.743776193215953,"{'bootstrap': True, 'ccp_alpha': 0.0, 'class_weight': None, 'criterion': 'gini', 'max_depth': None, 'max_features': 'sqrt', 'max_leaf_nodes': None, 'max_samples': None, 'min_impurity_decrease': 0.0, 'min_samples_leaf': 1, 'min_samples_split': 2, 'min_weight_fraction_leaf': 0.0, 'monotonic_cst': None, 'n_estimators': 100, 'n_jobs': None, 'oob_score': False, 'random_state': 42, 'verbose': 0, 'warm_start': False}",0.6754233837127686
Coffee,4,5,4,10,LinearSVC,HMM_GMM,8,"{'n_components': 1, 'n_mix': 3, 'covariance_type': 'full'}",0.5533333333333333,0.49180326816931447,"{'C': 1.0, 'class_weight': None, 'dual': False, 'fit_intercept': True, 'intercept_scaling': 1, 'loss': 'squared_hinge', 'max_iter': 100, 'multi_class': 'ovr', 'penalty': 'l2', 'random_state': 42, 'tol': 0.0001, 'verbose': 0}",0.05908322334289551
Coffee,4,5,4,10,LogisticRegression,HMM_GMM,8,"{'n_components': 1, 'n_mix': 3, 'covariance_type': 'full'}",0.6866666666666666,0.6746814820607427,"{'C': 1.0, 'class_weight': None, 'dual': False, 'fit_intercept': True, 'intercept_scaling': 1, 'l1_ratio': None, 'max_iter': 100, 'multi_class': 'deprecated', 'n_jobs': None, 'penalty': 'l2', 'random_state': 42, 'solver': 'lbfgs', 'tol': 0.0001, 'verbose': 0, 'warm_start': False}",0.32094407081604004
Coffee,4,5,4,10,KNN,HMM_GMM,9,"{'n_components': 5, 'n_mix': 1, 'covariance_type': 'diag'}",0.735,0.7359661211407436,"{'algorithm': 'auto', 'leaf_size': 30, 'metric': 'minkowski', 'metric_params': None, 'n_jobs': None, 'n_neighbors': 5, 'p': 2, 'weights': 'uniform'}",0.04600405693054199
Coffee,4,5,4,10,RandomForest,HMM_GMM,9,"{'n_components': 5, 'n_mix': 1, 'covariance_type': 'diag'}",0.755,0.7452264031491063,"{'bootstrap': True, 'ccp_alpha': 0.0, 'class_weight': None, 'criterion': 'gini', 'max_depth': None, 'max_features': 'sqrt', 'max_leaf_nodes': None, 'max_samples': None, 'min_impurity_decrease': 0.0, 'min_samples_leaf': 1, 'min_samples_split': 2, 'min_weight_fraction_leaf': 0.0, 'monotonic_cst': None, 'n_estimators': 100, 'n_jobs': None, 'oob_score': False, 'random_state': 42, 'verbose': 0, 'warm_start': False}",0.6943788528442383
Coffee,4,5,4,10,LinearSVC,HMM_GMM,9,"{'n_components': 5, 'n_mix': 1, 'covariance_type': 'diag'}",0.7166666666666667,0.7107307484076844,"{'C': 1.0, 'class_weight': None, 'dual': False, 'fit_intercept': True, 'intercept_scaling': 1, 'loss': 'squared_hinge', 'max_iter': 100, 'multi_class': 'ovr', 'penalty': 'l2', 'random_state': 42, 'tol': 0.0001, 'verbose': 0}",0.039388179779052734
Coffee,4,5,4,10,LogisticRegression,HMM_GMM,9,"{'n_components': 5, 'n_mix': 1, 'covariance_type': 'diag'}",0.7733333333333333,0.7724381977671452,"{'C': 1.0, 'class_weight': None, 'dual': False, 'fit_intercept': True, 'intercept_scaling': 1, 'l1_ratio': None, 'max_iter': 100, 'multi_class': 'deprecated', 'n_jobs': None, 'penalty': 'l2', 'random_state': 42, 'solver': 'lbfgs', 'tol': 0.0001, 'verbose': 0, 'warm_start': False}",0.12026166915893555
Coffee,4,5,4,10,KNN,HMM_GMM,10,"{'n_components': 3, 'n_mix': 5, 'covariance_type': 'diag'}",0.6433333333333333,0.6115637269289566,"{'algorithm': 'auto', 'leaf_size': 30, 'metric': 'minkowski', 'metric_params': None, 'n_jobs': None, 'n_neighbors': 5, 'p': 2, 'weights': 'uniform'}",0.051177978515625
Coffee,4,5,4,10,RandomForest,HMM_GMM,10,"{'n_components': 3, 'n_mix': 5, 'covariance_type': 'diag'}",0.68,0.6586063904354953,"{'bootstrap': True, 'ccp_alpha': 0.0, 'class_weight': None, 'criterion': 'gini', 'max_depth': None, 'max_features': 'sqrt', 'max_leaf_nodes': None, 'max_samples': None, 'min_impurity_decrease': 0.0, 'min_samples_leaf': 1, 'min_samples_split': 2, 'min_weight_fraction_leaf': 0.0, 'monotonic_cst': None, 'n_estimators': 100, 'n_jobs': None, 'oob_score': False, 'random_state': 42, 'verbose': 0, 'warm_start': False}",1.1400115489959717
Coffee,4,5,4,10,LinearSVC,HMM_GMM,10,"{'n_components': 3, 'n_mix': 5, 'covariance_type': 'diag'}",0.445,0.3784770755936164,"{'C': 1.0, 'class_weight': None, 'dual': False, 'fit_intercept': True, 'intercept_scaling': 1, 'loss': 'squared_hinge', 'max_iter': 100, 'multi_class': 'ovr', 'penalty': 'l2', 'random_state': 42, 'tol': 0.0001, 'verbose': 0}",0.04668760299682617
Coffee,4,5,4,10,LogisticRegression,HMM_GMM,10,"{'n_components': 3, 'n_mix': 5, 'covariance_type': 'diag'}",0.4483333333333333,0.4155551074545982,"{'C': 1.0, 'class_weight': None, 'dual': False, 'fit_intercept': True, 'intercept_scaling': 1, 'l1_ratio': None, 'max_iter': 100, 'multi_class': 'deprecated', 'n_jobs': None, 'penalty': 'l2', 'random_state': 42, 'solver': 'lbfgs', 'tol': 0.0001, 'verbose': 0, 'warm_start': False}",0.3249998092651367
Coffee,4,5,5,1,KNN,Baseline,N/A,N/A,0.6933333333333334,0.6641566500277964,"{'algorithm': 'auto', 'leaf_size': 30, 'metric': 'minkowski', 'metric_params': None, 'n_jobs': None, 'n_neighbors': 5, 'p': 2, 'weights': 'uniform'}",0.03191423416137695
Coffee,4,5,5,1,KNN,Tuned_Baseline,N/A,N/A,0.68,0.6470016384511592,"{'algorithm': 'auto', 'leaf_size': 30, 'metric': 'minkowski', 'metric_params': None, 'n_jobs': None, 'n_neighbors': np.int64(5), 'p': 3, 'weights': 'distance'}",0.025983333587646484
Coffee,4,5,5,1,RandomForest,Baseline,N/A,N/A,0.6416666666666667,0.6298303954760159,"{'bootstrap': True, 'ccp_alpha': 0.0, 'class_weight': None, 'criterion': 'gini', 'max_depth': None, 'max_features': 'sqrt', 'max_leaf_nodes': None, 'max_samples': None, 'min_impurity_decrease': 0.0, 'min_samples_leaf': 1, 'min_samples_split': 2, 'min_weight_fraction_leaf': 0.0, 'monotonic_cst': None, 'n_estimators': 100, 'n_jobs': None, 'oob_score': False, 'random_state': 42, 'verbose': 0, 'warm_start': False}",0.3430442810058594
Coffee,4,5,5,1,RandomForest,Tuned_Baseline,N/A,N/A,0.6416666666666667,0.6274878144790182,"{'bootstrap': True, 'ccp_alpha': 0.0, 'class_weight': 'balanced', 'criterion': 'gini', 'max_depth': 30, 'max_features': 'sqrt', 'max_leaf_nodes': None, 'max_samples': None, 'min_impurity_decrease': 0.0, 'min_samples_leaf': 1, 'min_samples_split': 2, 'min_weight_fraction_leaf': 0.0, 'monotonic_cst': None, 'n_estimators': 150, 'n_jobs': None, 'oob_score': False, 'random_state': 42, 'verbose': 0, 'warm_start': False}",0.010179281234741211
Coffee,4,5,5,1,LinearSVC,Baseline,N/A,N/A,0.6983333333333334,0.6903593754921421,"{'C': 1.0, 'class_weight': None, 'dual': False, 'fit_intercept': True, 'intercept_scaling': 1, 'loss': 'squared_hinge', 'max_iter': 100, 'multi_class': 'ovr', 'penalty': 'l2', 'random_state': 42, 'tol': 0.0001, 'verbose': 0}",0.006686687469482422
Coffee,4,5,5,1,LinearSVC,Tuned_Baseline,N/A,N/A,0.7066666666666667,0.6979363651738081,"{'C': np.float64(6.1584821106602545), 'class_weight': None, 'dual': False, 'fit_intercept': True, 'intercept_scaling': 1, 'loss': 'squared_hinge', 'max_iter': 100, 'multi_class': 'ovr', 'penalty': 'l2', 'random_state': 42, 'tol': 0.0001, 'verbose': 0}",0.00022292137145996094
Coffee,4,5,5,1,LogisticRegression,Baseline,N/A,N/A,0.6266666666666667,0.6083251348546145,"{'C': 1.0, 'class_weight': None, 'dual': False, 'fit_intercept': True, 'intercept_scaling': 1, 'l1_ratio': None, 'max_iter': 100, 'multi_class': 'deprecated', 'n_jobs': None, 'penalty': 'l2', 'random_state': 42, 'solver': 'lbfgs', 'tol': 0.0001, 'verbose': 0, 'warm_start': False}",0.1273040771484375
Coffee,4,5,5,1,LogisticRegression,Tuned_Baseline,N/A,N/A,0.595,0.5522247991549927,"{'C': np.float64(33.59818286283781), 'class_weight': None, 'dual': False, 'fit_intercept': True, 'intercept_scaling': 1, 'l1_ratio': None, 'max_iter': 100, 'multi_class': 'deprecated', 'n_jobs': None, 'penalty': 'l2', 'random_state': 42, 'solver': 'saga', 'tol': 0.0001, 'verbose': 0, 'warm_start': False}",0.0003902912139892578
Coffee,4,5,5,1,RNN,Tuned_Baseline,N/A,N/A,0.16666666666666666,0.047619047619047616,"{'hidden_size': 64, 'epochs': 10, 'batch_size': 32, 'lr': 0.001}",2.8133392333984375e-05
Coffee,4,5,5,2,KNN,HMM_GMM,1,"{'n_components': 2, 'n_mix': 1, 'covariance_type': 'diag'}",0.67,0.6344531788619061,"{'algorithm': 'auto', 'leaf_size': 30, 'metric': 'euclidean', 'metric_params': None, 'n_jobs': None, 'n_neighbors': np.int64(9), 'p': 2, 'weights': 'distance'}",0.011460065841674805
Coffee,4,5,5,2,RandomForest,HMM_GMM,1,"{'n_components': 2, 'n_mix': 1, 'covariance_type': 'diag'}",0.6116666666666667,0.5686619644394063,"{'bootstrap': True, 'ccp_alpha': 0.0, 'class_weight': None, 'criterion': 'gini', 'max_depth': None, 'max_features': 'sqrt', 'max_leaf_nodes': None, 'max_samples': None, 'min_impurity_decrease': 0.0, 'min_samples_leaf': 4, 'min_samples_split': 10, 'min_weight_fraction_leaf': 0.0, 'monotonic_cst': None, 'n_estimators': 50, 'n_jobs': None, 'oob_score': False, 'random_state': 42, 'verbose': 0, 'warm_start': False}",0.39035511016845703
Coffee,4,5,5,2,LinearSVC,HMM_GMM,1,"{'n_components': 2, 'n_mix': 1, 'covariance_type': 'diag'}",0.6416666666666667,0.6226277238935467,"{'C': np.float64(33.59818286283781), 'class_weight': None, 'dual': False, 'fit_intercept': True, 'intercept_scaling': 1, 'loss': 'squared_hinge', 'max_iter': 100, 'multi_class': 'ovr', 'penalty': 'l1', 'random_state': 42, 'tol': 0.001, 'verbose': 0}",0.016110897064208984
Coffee,4,5,5,2,LogisticRegression,HMM_GMM,1,"{'n_components': 2, 'n_mix': 1, 'covariance_type': 'diag'}",0.6416666666666667,0.6231722842701363,"{'C': np.float64(0.4832930238571752), 'class_weight': 'balanced', 'dual': False, 'fit_intercept': True, 'intercept_scaling': 1, 'l1_ratio': None, 'max_iter': 100, 'multi_class': 'deprecated', 'n_jobs': None, 'penalty': 'l2', 'random_state': 42, 'solver': 'lbfgs', 'tol': 0.0001, 'verbose': 0, 'warm_start': False}",0.16243648529052734
Coffee,4,5,5,2,KNN,HMM_GMM,2,"{'n_components': 2, 'n_mix': 4, 'covariance_type': 'tied'}",0.7166666666666667,0.6938153621167548,"{'algorithm': 'auto', 'leaf_size': 30, 'metric': 'euclidean', 'metric_params': None, 'n_jobs': None, 'n_neighbors': np.int64(9), 'p': 2, 'weights': 'distance'}",0.009557962417602539
Coffee,4,5,5,2,RandomForest,HMM_GMM,2,"{'n_components': 2, 'n_mix': 4, 'covariance_type': 'tied'}",0.6433333333333333,0.6091372745230268,"{'bootstrap': True, 'ccp_alpha': 0.0, 'class_weight': 'balanced', 'criterion': 'gini', 'max_depth': None, 'max_features': 'sqrt', 'max_leaf_nodes': None, 'max_samples': None, 'min_impurity_decrease': 0.0, 'min_samples_leaf': 4, 'min_samples_split': 2, 'min_weight_fraction_leaf': 0.0, 'monotonic_cst': None, 'n_estimators': 50, 'n_jobs': None, 'oob_score': False, 'random_state': 42, 'verbose': 0, 'warm_start': False}",0.1756911277770996
Coffee,4,5,5,2,LinearSVC,HMM_GMM,2,"{'n_components': 2, 'n_mix': 4, 'covariance_type': 'tied'}",0.7233333333333334,0.7117089830032307,"{'C': np.float64(1000.0), 'class_weight': 'balanced', 'dual': False, 'fit_intercept': True, 'intercept_scaling': 1, 'loss': 'squared_hinge', 'max_iter': 100, 'multi_class': 'ovr', 'penalty': 'l2', 'random_state': 42, 'tol': 0.001, 'verbose': 0}",0.012522697448730469
Coffee,4,5,5,2,LogisticRegression,HMM_GMM,2,"{'n_components': 2, 'n_mix': 4, 'covariance_type': 'tied'}",0.67,0.6549784862065496,"{'C': np.float64(2.6366508987303554), 'class_weight': 'balanced', 'dual': False, 'fit_intercept': True, 'intercept_scaling': 1, 'l1_ratio': None, 'max_iter': 100, 'multi_class': 'deprecated', 'n_jobs': None, 'penalty': 'l1', 'random_state': 42, 'solver': 'saga', 'tol': 0.0001, 'verbose': 0, 'warm_start': False}",0.09978508949279785
Coffee,4,5,5,2,KNN,HMM_GMM,3,"{'n_components': 1, 'n_mix': 3, 'covariance_type': 'diag'}",0.6666666666666666,0.6297399327547111,"{'algorithm': 'auto', 'leaf_size': 30, 'metric': 'euclidean', 'metric_params': None, 'n_jobs': None, 'n_neighbors': np.int64(9), 'p': 2, 'weights': 'distance'}",0.010657548904418945
Coffee,4,5,5,2,RandomForest,HMM_GMM,3,"{'n_components': 1, 'n_mix': 3, 'covariance_type': 'diag'}",0.6466666666666666,0.6044257901356286,"{'bootstrap': True, 'ccp_alpha': 0.0, 'class_weight': 'balanced', 'criterion': 'gini', 'max_depth': None, 'max_features': 'sqrt', 'max_leaf_nodes': None, 'max_samples': None, 'min_impurity_decrease': 0.0, 'min_samples_leaf': 1, 'min_samples_split': 2, 'min_weight_fraction_leaf': 0.0, 'monotonic_cst': None, 'n_estimators': 50, 'n_jobs': None, 'oob_score': False, 'random_state': 42, 'verbose': 0, 'warm_start': False}",0.21683001518249512
Coffee,4,5,5,2,LinearSVC,HMM_GMM,3,"{'n_components': 1, 'n_mix': 3, 'covariance_type': 'diag'}",0.6366666666666667,0.6153289970676572,"{'C': np.float64(33.59818286283781), 'class_weight': 'balanced', 'dual': False, 'fit_intercept': True, 'intercept_scaling': 1, 'loss': 'squared_hinge', 'max_iter': 100, 'multi_class': 'ovr', 'penalty': 'l1', 'random_state': 42, 'tol': 0.0001, 'verbose': 0}",0.019994735717773438
Coffee,4,5,5,2,LogisticRegression,HMM_GMM,3,"{'n_components': 1, 'n_mix': 3, 'covariance_type': 'diag'}",0.64,0.6220363934416376,"{'C': np.float64(0.4832930238571752), 'class_weight': 'balanced', 'dual': False, 'fit_intercept': True, 'intercept_scaling': 1, 'l1_ratio': None, 'max_iter': 100, 'multi_class': 'deprecated', 'n_jobs': None, 'penalty': 'l2', 'random_state': 42, 'solver': 'lbfgs', 'tol': 0.0001, 'verbose': 0, 'warm_start': False}",0.06701016426086426
Coffee,4,5,5,2,KNN,HMM_GMM,4,"{'n_components': 4, 'n_mix': 3, 'covariance_type': 'diag'}",0.6733333333333333,0.642343255253617,"{'algorithm': 'auto', 'leaf_size': 30, 'metric': 'chebyshev', 'metric_params': None, 'n_jobs': None, 'n_neighbors': np.int64(5), 'p': 2, 'weights': 'uniform'}",0.028199195861816406
Coffee,4,5,5,2,RandomForest,HMM_GMM,4,"{'n_components': 4, 'n_mix': 3, 'covariance_type': 'diag'}",0.685,0.6599934171039129,"{'bootstrap': True, 'ccp_alpha': 0.0, 'class_weight': 'balanced', 'criterion': 'gini', 'max_depth': None, 'max_features': 'sqrt', 'max_leaf_nodes': None, 'max_samples': None, 'min_impurity_decrease': 0.0, 'min_samples_leaf': 4, 'min_samples_split': 2, 'min_weight_fraction_leaf': 0.0, 'monotonic_cst': None, 'n_estimators': 50, 'n_jobs': None, 'oob_score': False, 'random_state': 42, 'verbose': 0, 'warm_start': False}",0.18396949768066406
Coffee,4,5,5,2,LinearSVC,HMM_GMM,4,"{'n_components': 4, 'n_mix': 3, 'covariance_type': 'diag'}",0.6316666666666667,0.6193494126514331,"{'C': np.float64(0.4832930238571752), 'class_weight': 'balanced', 'dual': False, 'fit_intercept': True, 'intercept_scaling': 1, 'loss': 'squared_hinge', 'max_iter': 100, 'multi_class': 'ovr', 'penalty': 'l1', 'random_state': 42, 'tol': 0.0001, 'verbose': 0}",0.026197195053100586
Coffee,4,5,5,2,LogisticRegression,HMM_GMM,4,"{'n_components': 4, 'n_mix': 3, 'covariance_type': 'diag'}",0.63,0.616212848638254,"{'C': np.float64(33.59818286283781), 'class_weight': 'balanced', 'dual': False, 'fit_intercept': True, 'intercept_scaling': 1, 'l1_ratio': None, 'max_iter': 100, 'multi_class': 'deprecated', 'n_jobs': None, 'penalty': 'l2', 'random_state': 42, 'solver': 'saga', 'tol': 0.0001, 'verbose': 0, 'warm_start': False}",0.0856466293334961
Coffee,4,5,5,2,KNN,HMM_GMM,5,"{'n_components': 1, 'n_mix': 1, 'covariance_type': 'tied'}",0.695,0.6883769580080616,"{'algorithm': 'auto', 'leaf_size': 30, 'metric': 'euclidean', 'metric_params': None, 'n_jobs': None, 'n_neighbors': np.int64(9), 'p': 2, 'weights': 'distance'}",0.008610725402832031
Coffee,4,5,5,2,RandomForest,HMM_GMM,5,"{'n_components': 1, 'n_mix': 1, 'covariance_type': 'tied'}",0.6583333333333333,0.6524557428782198,"{'bootstrap': True, 'ccp_alpha': 0.0, 'class_weight': 'balanced', 'criterion': 'gini', 'max_depth': None, 'max_features': 'sqrt', 'max_leaf_nodes': None, 'max_samples': None, 'min_impurity_decrease': 0.0, 'min_samples_leaf': 4, 'min_samples_split': 2, 'min_weight_fraction_leaf': 0.0, 'monotonic_cst': None, 'n_estimators': 50, 'n_jobs': None, 'oob_score': False, 'random_state': 42, 'verbose': 0, 'warm_start': False}",0.23398327827453613
Coffee,4,5,5,2,LinearSVC,HMM_GMM,5,"{'n_components': 1, 'n_mix': 1, 'covariance_type': 'tied'}",0.7733333333333333,0.7763583794242293,"{'C': np.float64(183.29807108324337), 'class_weight': 'balanced', 'dual': False, 'fit_intercept': True, 'intercept_scaling': 1, 'loss': 'squared_hinge', 'max_iter': 100, 'multi_class': 'ovr', 'penalty': 'l1', 'random_state': 42, 'tol': 0.0001, 'verbose': 0}",0.028908491134643555
Coffee,4,5,5,2,LogisticRegression,HMM_GMM,5,"{'n_components': 1, 'n_mix': 1, 'covariance_type': 'tied'}",0.8366666666666667,0.8401964649206204,"{'C': np.float64(33.59818286283781), 'class_weight': 'balanced', 'dual': False, 'fit_intercept': True, 'intercept_scaling': 1, 'l1_ratio': None, 'max_iter': 100, 'multi_class': 'deprecated', 'n_jobs': None, 'penalty': 'l1', 'random_state': 42, 'solver': 'saga', 'tol': 0.0001, 'verbose': 0, 'warm_start': False}",0.11101174354553223
Coffee,4,5,5,2,KNN,HMM_GMM,6,"{'n_components': 4, 'n_mix': 3, 'covariance_type': 'diag'}",0.6733333333333333,0.642343255253617,"{'algorithm': 'auto', 'leaf_size': 30, 'metric': 'chebyshev', 'metric_params': None, 'n_jobs': None, 'n_neighbors': np.int64(5), 'p': 2, 'weights': 'uniform'}",0.029837846755981445
Coffee,4,5,5,2,RandomForest,HMM_GMM,6,"{'n_components': 4, 'n_mix': 3, 'covariance_type': 'diag'}",0.665,0.6340385106130317,"{'bootstrap': True, 'ccp_alpha': 0.0, 'class_weight': 'balanced', 'criterion': 'gini', 'max_depth': None, 'max_features': 'sqrt', 'max_leaf_nodes': None, 'max_samples': None, 'min_impurity_decrease': 0.0, 'min_samples_leaf': 4, 'min_samples_split': 2, 'min_weight_fraction_leaf': 0.0, 'monotonic_cst': None, 'n_estimators': 50, 'n_jobs': None, 'oob_score': False, 'random_state': 42, 'verbose': 0, 'warm_start': False}",0.1757817268371582
Coffee,4,5,5,2,LinearSVC,HMM_GMM,6,"{'n_components': 4, 'n_mix': 3, 'covariance_type': 'diag'}",0.6316666666666667,0.6193494126514331,"{'C': np.float64(0.4832930238571752), 'class_weight': 'balanced', 'dual': False, 'fit_intercept': True, 'intercept_scaling': 1, 'loss': 'squared_hinge', 'max_iter': 100, 'multi_class': 'ovr', 'penalty': 'l1', 'random_state': 42, 'tol': 0.0001, 'verbose': 0}",0.023938655853271484
Coffee,4,5,5,2,LogisticRegression,HMM_GMM,6,"{'n_components': 4, 'n_mix': 3, 'covariance_type': 'diag'}",0.63,0.616212848638254,"{'C': np.float64(33.59818286283781), 'class_weight': 'balanced', 'dual': False, 'fit_intercept': True, 'intercept_scaling': 1, 'l1_ratio': None, 'max_iter': 100, 'multi_class': 'deprecated', 'n_jobs': None, 'penalty': 'l2', 'random_state': 42, 'solver': 'saga', 'tol': 0.0001, 'verbose': 0, 'warm_start': False}",0.08336234092712402
Coffee,4,5,5,2,KNN,HMM_GMM,7,"{'n_components': 2, 'n_mix': 5, 'covariance_type': 'diag'}",0.7016666666666667,0.6754232530687411,"{'algorithm': 'auto', 'leaf_size': 30, 'metric': 'euclidean', 'metric_params': None, 'n_jobs': None, 'n_neighbors': np.int64(9), 'p': 2, 'weights': 'distance'}",0.009071826934814453
Coffee,4,5,5,2,RandomForest,HMM_GMM,7,"{'n_components': 2, 'n_mix': 5, 'covariance_type': 'diag'}",0.66,0.6286891078270388,"{'bootstrap': True, 'ccp_alpha': 0.0, 'class_weight': 'balanced', 'criterion': 'gini', 'max_depth': None, 'max_features': 'sqrt', 'max_leaf_nodes': None, 'max_samples': None, 'min_impurity_decrease': 0.0, 'min_samples_leaf': 2, 'min_samples_split': 2, 'min_weight_fraction_leaf': 0.0, 'monotonic_cst': None, 'n_estimators': 150, 'n_jobs': None, 'oob_score': False, 'random_state': 42, 'verbose': 0, 'warm_start': False}",0.5149295330047607
Coffee,4,5,5,2,LinearSVC,HMM_GMM,7,"{'n_components': 2, 'n_mix': 5, 'covariance_type': 'diag'}",0.6433333333333333,0.632298323680126,"{'C': np.float64(33.59818286283781), 'class_weight': 'balanced', 'dual': False, 'fit_intercept': True, 'intercept_scaling': 1, 'loss': 'squared_hinge', 'max_iter': 100, 'multi_class': 'ovr', 'penalty': 'l1', 'random_state': 42, 'tol': 0.0001, 'verbose': 0}",0.02810049057006836
Coffee,4,5,5,2,LogisticRegression,HMM_GMM,7,"{'n_components': 2, 'n_mix': 5, 'covariance_type': 'diag'}",0.6333333333333333,0.617937419172861,"{'C': np.float64(1000.0), 'class_weight': 'balanced', 'dual': False, 'fit_intercept': True, 'intercept_scaling': 1, 'l1_ratio': None, 'max_iter': 100, 'multi_class': 'deprecated', 'n_jobs': None, 'penalty': 'l2', 'random_state': 42, 'solver': 'sag', 'tol': 0.0001, 'verbose': 0, 'warm_start': False}",0.025286436080932617
Coffee,4,5,5,2,KNN,HMM_GMM,8,"{'n_components': 1, 'n_mix': 3, 'covariance_type': 'full'}",0.6716666666666666,0.6548857329345966,"{'algorithm': 'auto', 'leaf_size': 30, 'metric': 'chebyshev', 'metric_params': None, 'n_jobs': None, 'n_neighbors': np.int64(5), 'p': 2, 'weights': 'uniform'}",0.023632287979125977
Coffee,4,5,5,2,RandomForest,HMM_GMM,8,"{'n_components': 1, 'n_mix': 3, 'covariance_type': 'full'}",0.6366666666666667,0.6127854884323445,"{'bootstrap': True, 'ccp_alpha': 0.0, 'class_weight': 'balanced', 'criterion': 'gini', 'max_depth': None, 'max_features': 'sqrt', 'max_leaf_nodes': None, 'max_samples': None, 'min_impurity_decrease': 0.0, 'min_samples_leaf': 4, 'min_samples_split': 2, 'min_weight_fraction_leaf': 0.0, 'monotonic_cst': None, 'n_estimators': 50, 'n_jobs': None, 'oob_score': False, 'random_state': 42, 'verbose': 0, 'warm_start': False}",0.23105669021606445
Coffee,4,5,5,2,LinearSVC,HMM_GMM,8,"{'n_components': 1, 'n_mix': 3, 'covariance_type': 'full'}",0.7233333333333334,0.712662253319549,"{'C': np.float64(6.1584821106602545), 'class_weight': 'balanced', 'dual': False, 'fit_intercept': False, 'intercept_scaling': 1, 'loss': 'squared_hinge', 'max_iter': 100, 'multi_class': 'ovr', 'penalty': 'l2', 'random_state': 42, 'tol': 0.0001, 'verbose': 0}",0.013761043548583984
Coffee,4,5,5,2,LogisticRegression,HMM_GMM,8,"{'n_components': 1, 'n_mix': 3, 'covariance_type': 'full'}",0.7266666666666667,0.7275148800480279,"{'C': np.float64(183.29807108324337), 'class_weight': None, 'dual': False, 'fit_intercept': True, 'intercept_scaling': 1, 'l1_ratio': None, 'max_iter': 100, 'multi_class': 'deprecated', 'n_jobs': None, 'penalty': 'l2', 'random_state': 42, 'solver': 'saga', 'tol': 0.0001, 'verbose': 0, 'warm_start': False}",0.0859370231628418
Coffee,4,5,5,2,KNN,HMM_GMM,9,"{'n_components': 5, 'n_mix': 1, 'covariance_type': 'diag'}",0.65,0.6066685606579224,"{'algorithm': 'auto', 'leaf_size': 30, 'metric': 'chebyshev', 'metric_params': None, 'n_jobs': None, 'n_neighbors': np.int64(5), 'p': 2, 'weights': 'uniform'}",0.02575373649597168
Coffee,4,5,5,2,RandomForest,HMM_GMM,9,"{'n_components': 5, 'n_mix': 1, 'covariance_type': 'diag'}",0.6366666666666667,0.589753748803184,"{'bootstrap': True, 'ccp_alpha': 0.0, 'class_weight': 'balanced', 'criterion': 'gini', 'max_depth': 10, 'max_features': 'sqrt', 'max_leaf_nodes': None, 'max_samples': None, 'min_impurity_decrease': 0.0, 'min_samples_leaf': 1, 'min_samples_split': 2, 'min_weight_fraction_leaf': 0.0, 'monotonic_cst': None, 'n_estimators': 100, 'n_jobs': None, 'oob_score': False, 'random_state': 42, 'verbose': 0, 'warm_start': False}",0.34196996688842773
Coffee,4,5,5,2,LinearSVC,HMM_GMM,9,"{'n_components': 5, 'n_mix': 1, 'covariance_type': 'diag'}",0.64,0.6127263803220345,"{'C': np.float64(1000.0), 'class_weight': 'balanced', 'dual': False, 'fit_intercept': True, 'intercept_scaling': 1, 'loss': 'squared_hinge', 'max_iter': 100, 'multi_class': 'ovr', 'penalty': 'l2', 'random_state': 42, 'tol': 0.001, 'verbose': 0}",0.0071833133697509766
Coffee,4,5,5,2,LogisticRegression,HMM_GMM,9,"{'n_components': 5, 'n_mix': 1, 'covariance_type': 'diag'}",0.6416666666666667,0.6229373671232608,"{'C': np.float64(183.29807108324337), 'class_weight': None, 'dual': False, 'fit_intercept': True, 'intercept_scaling': 1, 'l1_ratio': None, 'max_iter': 100, 'multi_class': 'deprecated', 'n_jobs': None, 'penalty': 'l2', 'random_state': 42, 'solver': 'saga', 'tol': 0.0001, 'verbose': 0, 'warm_start': False}",0.024727582931518555
Coffee,4,5,5,2,KNN,HMM_GMM,10,"{'n_components': 3, 'n_mix': 5, 'covariance_type': 'diag'}",0.6766666666666666,0.6477583449414436,"{'algorithm': 'auto', 'leaf_size': 30, 'metric': 'euclidean', 'metric_params': None, 'n_jobs': None, 'n_neighbors': np.int64(9), 'p': 2, 'weights': 'distance'}",0.01008296012878418
Coffee,4,5,5,2,RandomForest,HMM_GMM,10,"{'n_components': 3, 'n_mix': 5, 'covariance_type': 'diag'}",0.6433333333333333,0.6056369287692623,"{'bootstrap': True, 'ccp_alpha': 0.0, 'class_weight': None, 'criterion': 'gini', 'max_depth': 30, 'max_features': 'sqrt', 'max_leaf_nodes': None, 'max_samples': None, 'min_impurity_decrease': 0.0, 'min_samples_leaf': 4, 'min_samples_split': 2, 'min_weight_fraction_leaf': 0.0, 'monotonic_cst': None, 'n_estimators': 50, 'n_jobs': None, 'oob_score': False, 'random_state': 42, 'verbose': 0, 'warm_start': False}",0.16817736625671387
Coffee,4,5,5,2,LinearSVC,HMM_GMM,10,"{'n_components': 3, 'n_mix': 5, 'covariance_type': 'diag'}",0.6333333333333333,0.6180304545040849,"{'C': np.float64(1000.0), 'class_weight': 'balanced', 'dual': False, 'fit_intercept': True, 'intercept_scaling': 1, 'loss': 'squared_hinge', 'max_iter': 100, 'multi_class': 'ovr', 'penalty': 'l2', 'random_state': 42, 'tol': 0.001, 'verbose': 0}",0.008925199508666992
Coffee,4,5,5,2,LogisticRegression,HMM_GMM,10,"{'n_components': 3, 'n_mix': 5, 'covariance_type': 'diag'}",0.6416666666666667,0.6242755192178568,"{'C': np.float64(0.4832930238571752), 'class_weight': 'balanced', 'dual': False, 'fit_intercept': True, 'intercept_scaling': 1, 'l1_ratio': None, 'max_iter': 100, 'multi_class': 'deprecated', 'n_jobs': None, 'penalty': 'l2', 'random_state': 42, 'solver': 'lbfgs', 'tol': 0.0001, 'verbose': 0, 'warm_start': False}",0.03481650352478027
Coffee,4,5,5,3,KNN,HMM_GMM,1,"{'n_components': 2, 'n_mix': 1, 'covariance_type': 'diag'}",0.6466666666666666,0.6046975777757294,"{'algorithm': 'auto', 'leaf_size': 30, 'metric': 'chebyshev', 'metric_params': None, 'n_jobs': None, 'n_neighbors': np.int64(5), 'p': 2, 'weights': 'uniform'}",0.028139352798461914
Coffee,4,5,5,3,RandomForest,HMM_GMM,1,"{'n_components': 2, 'n_mix': 1, 'covariance_type': 'diag'}",0.6266666666666667,0.5793170239217093,"{'bootstrap': True, 'ccp_alpha': 0.0, 'class_weight': 'balanced', 'criterion': 'gini', 'max_depth': None, 'max_features': 'sqrt', 'max_leaf_nodes': None, 'max_samples': None, 'min_impurity_decrease': 0.0, 'min_samples_leaf': 1, 'min_samples_split': 2, 'min_weight_fraction_leaf': 0.0, 'monotonic_cst': None, 'n_estimators': 50, 'n_jobs': None, 'oob_score': False, 'random_state': 42, 'verbose': 0, 'warm_start': False}",0.21519899368286133
Coffee,4,5,5,3,LinearSVC,HMM_GMM,1,"{'n_components': 2, 'n_mix': 1, 'covariance_type': 'diag'}",0.6416666666666667,0.6140732448894158,"{'C': np.float64(33.59818286283781), 'class_weight': 'balanced', 'dual': False, 'fit_intercept': True, 'intercept_scaling': 1, 'loss': 'squared_hinge', 'max_iter': 100, 'multi_class': 'ovr', 'penalty': 'l1', 'random_state': 42, 'tol': 0.001, 'verbose': 0}",0.01674485206604004
Coffee,4,5,5,3,LogisticRegression,HMM_GMM,1,"{'n_components': 2, 'n_mix': 1, 'covariance_type': 'diag'}",0.6416666666666667,0.6231722842701363,"{'C': np.float64(33.59818286283781), 'class_weight': None, 'dual': False, 'fit_intercept': True, 'intercept_scaling': 1, 'l1_ratio': None, 'max_iter': 100, 'multi_class': 'deprecated', 'n_jobs': None, 'penalty': 'l2', 'random_state': 42, 'solver': 'saga', 'tol': 0.0001, 'verbose': 0, 'warm_start': False}",0.02125263214111328
Coffee,4,5,5,3,KNN,HMM_GMM,2,"{'n_components': 2, 'n_mix': 4, 'covariance_type': 'tied'}",0.705,0.6797991058860624,"{'algorithm': 'auto', 'leaf_size': 30, 'metric': 'minkowski', 'metric_params': None, 'n_jobs': None, 'n_neighbors': np.int64(13), 'p': 4, 'weights': 'distance'}",0.03126668930053711
Coffee,4,5,5,3,RandomForest,HMM_GMM,2,"{'n_components': 2, 'n_mix': 4, 'covariance_type': 'tied'}",0.67,0.6466442043298091,"{'bootstrap': True, 'ccp_alpha': 0.0, 'class_weight': 'balanced', 'criterion': 'gini', 'max_depth': 20, 'max_features': 'sqrt', 'max_leaf_nodes': None, 'max_samples': None, 'min_impurity_decrease': 0.0, 'min_samples_leaf': 1, 'min_samples_split': 2, 'min_weight_fraction_leaf': 0.0, 'monotonic_cst': None, 'n_estimators': 50, 'n_jobs': None, 'oob_score': False, 'random_state': 42, 'verbose': 0, 'warm_start': False}",0.18392658233642578
Coffee,4,5,5,3,LinearSVC,HMM_GMM,2,"{'n_components': 2, 'n_mix': 4, 'covariance_type': 'tied'}",0.71,0.7018312397904579,"{'C': np.float64(0.2069138081114788), 'class_weight': 'balanced', 'dual': False, 'fit_intercept': False, 'intercept_scaling': 1, 'loss': 'squared_hinge', 'max_iter': 100, 'multi_class': 'ovr', 'penalty': 'l2', 'random_state': 42, 'tol': 0.0001, 'verbose': 0}",0.014054298400878906
Coffee,4,5,5,3,LogisticRegression,HMM_GMM,2,"{'n_components': 2, 'n_mix': 4, 'covariance_type': 'tied'}",0.6766666666666666,0.6648747496907443,"{'C': np.float64(2.6366508987303554), 'class_weight': 'balanced', 'dual': False, 'fit_intercept': True, 'intercept_scaling': 1, 'l1_ratio': None, 'max_iter': 100, 'multi_class': 'deprecated', 'n_jobs': None, 'penalty': 'l1', 'random_state': 42, 'solver': 'saga', 'tol': 0.0001, 'verbose': 0, 'warm_start': False}",0.13910841941833496
Coffee,4,5,5,3,KNN,HMM_GMM,3,"{'n_components': 1, 'n_mix': 3, 'covariance_type': 'diag'}",0.6316666666666667,0.5872739354125269,"{'algorithm': 'auto', 'leaf_size': 30, 'metric': 'minkowski', 'metric_params': None, 'n_jobs': None, 'n_neighbors': np.int64(13), 'p': 4, 'weights': 'distance'}",0.043297767639160156
Coffee,4,5,5,3,RandomForest,HMM_GMM,3,"{'n_components': 1, 'n_mix': 3, 'covariance_type': 'diag'}",0.6333333333333333,0.58219136941205,"{'bootstrap': True, 'ccp_alpha': 0.0, 'class_weight': 'balanced', 'criterion': 'gini', 'max_depth': 10, 'max_features': 'sqrt', 'max_leaf_nodes': None, 'max_samples': None, 'min_impurity_decrease': 0.0, 'min_samples_leaf': 1, 'min_samples_split': 2, 'min_weight_fraction_leaf': 0.0, 'monotonic_cst': None, 'n_estimators': 100, 'n_jobs': None, 'oob_score': False, 'random_state': 42, 'verbose': 0, 'warm_start': False}",0.47171926498413086
Coffee,4,5,5,3,LinearSVC,HMM_GMM,3,"{'n_components': 1, 'n_mix': 3, 'covariance_type': 'diag'}",0.6366666666666667,0.6153289970676572,"{'C': np.float64(1000.0), 'class_weight': 'balanced', 'dual': False, 'fit_intercept': True, 'intercept_scaling': 1, 'loss': 'squared_hinge', 'max_iter': 100, 'multi_class': 'ovr', 'penalty': 'l2', 'random_state': 42, 'tol': 0.001, 'verbose': 0}",0.011194705963134766
Coffee,4,5,5,3,LogisticRegression,HMM_GMM,3,"{'n_components': 1, 'n_mix': 3, 'covariance_type': 'diag'}",0.6383333333333333,0.6197877207372483,"{'C': np.float64(2.6366508987303554), 'class_weight': 'balanced', 'dual': False, 'fit_intercept': True, 'intercept_scaling': 1, 'l1_ratio': None, 'max_iter': 100, 'multi_class': 'deprecated', 'n_jobs': None, 'penalty': 'l1', 'random_state': 42, 'solver': 'saga', 'tol': 0.0001, 'verbose': 0, 'warm_start': False}",0.13537120819091797
Coffee,4,5,5,3,KNN,HMM_GMM,4,"{'n_components': 4, 'n_mix': 3, 'covariance_type': 'diag'}",0.6633333333333333,0.6353521788699825,"{'algorithm': 'auto', 'leaf_size': 30, 'metric': 'minkowski', 'metric_params': None, 'n_jobs': None, 'n_neighbors': np.int64(13), 'p': 4, 'weights': 'distance'}",0.03622269630432129
Coffee,4,5,5,3,RandomForest,HMM_GMM,4,"{'n_components': 4, 'n_mix': 3, 'covariance_type': 'diag'}",0.675,0.6503387679858268,"{'bootstrap': True, 'ccp_alpha': 0.0, 'class_weight': 'balanced', 'criterion': 'gini', 'max_depth': None, 'max_features': 'sqrt', 'max_leaf_nodes': None, 'max_samples': None, 'min_impurity_decrease': 0.0, 'min_samples_leaf': 2, 'min_samples_split': 2, 'min_weight_fraction_leaf': 0.0, 'monotonic_cst': None, 'n_estimators': 150, 'n_jobs': None, 'oob_score': False, 'random_state': 42, 'verbose': 0, 'warm_start': False}",1.1005868911743164
Coffee,4,5,5,3,LinearSVC,HMM_GMM,4,"{'n_components': 4, 'n_mix': 3, 'covariance_type': 'diag'}",0.645,0.635706660096904,"{'C': np.float64(33.59818286283781), 'class_weight': None, 'dual': False, 'fit_intercept': True, 'intercept_scaling': 1, 'loss': 'squared_hinge', 'max_iter': 100, 'multi_class': 'ovr', 'penalty': 'l1', 'random_state': 42, 'tol': 0.001, 'verbose': 0}",0.031862735748291016
Coffee,4,5,5,3,LogisticRegression,HMM_GMM,4,"{'n_components': 4, 'n_mix': 3, 'covariance_type': 'diag'}",0.6333333333333333,0.618812883957753,"{'C': np.float64(183.29807108324337), 'class_weight': 'balanced', 'dual': False, 'fit_intercept': True, 'intercept_scaling': 1, 'l1_ratio': None, 'max_iter': 100, 'multi_class': 'deprecated', 'n_jobs': None, 'penalty': 'l1', 'random_state': 42, 'solver': 'saga', 'tol': 0.0001, 'verbose': 0, 'warm_start': False}",0.14733433723449707
Coffee,4,5,5,3,KNN,HMM_GMM,5,"{'n_components': 1, 'n_mix': 1, 'covariance_type': 'tied'}",0.685,0.6774644449454081,"{'algorithm': 'auto', 'leaf_size': 30, 'metric': 'minkowski', 'metric_params': None, 'n_jobs': None, 'n_neighbors': np.int64(13), 'p': 4, 'weights': 'distance'}",0.03188943862915039
Coffee,4,5,5,3,RandomForest,HMM_GMM,5,"{'n_components': 1, 'n_mix': 1, 'covariance_type': 'tied'}",0.6633333333333333,0.6606252883394108,"{'bootstrap': True, 'ccp_alpha': 0.0, 'class_weight': 'balanced', 'criterion': 'gini', 'max_depth': 30, 'max_features': 'sqrt', 'max_leaf_nodes': None, 'max_samples': None, 'min_impurity_decrease': 0.0, 'min_samples_leaf': 1, 'min_samples_split': 2, 'min_weight_fraction_leaf': 0.0, 'monotonic_cst': None, 'n_estimators': 150, 'n_jobs': None, 'oob_score': False, 'random_state': 42, 'verbose': 0, 'warm_start': False}",0.702467679977417
Coffee,4,5,5,3,LinearSVC,HMM_GMM,5,"{'n_components': 1, 'n_mix': 1, 'covariance_type': 'tied'}",0.8183333333333334,0.8193552451626736,"{'C': np.float64(1000.0), 'class_weight': 'balanced', 'dual': False, 'fit_intercept': True, 'intercept_scaling': 1, 'loss': 'squared_hinge', 'max_iter': 100, 'multi_class': 'ovr', 'penalty': 'l2', 'random_state': 42, 'tol': 0.001, 'verbose': 0}",0.01698780059814453
Coffee,4,5,5,3,LogisticRegression,HMM_GMM,5,"{'n_components': 1, 'n_mix': 1, 'covariance_type': 'tied'}",0.85,0.853554509531109,"{'C': np.float64(2.6366508987303554), 'class_weight': 'balanced', 'dual': False, 'fit_intercept': True, 'intercept_scaling': 1, 'l1_ratio': None, 'max_iter': 100, 'multi_class': 'deprecated', 'n_jobs': None, 'penalty': 'l1', 'random_state': 42, 'solver': 'saga', 'tol': 0.0001, 'verbose': 0, 'warm_start': False}",0.1564798355102539
Coffee,4,5,5,3,KNN,HMM_GMM,6,"{'n_components': 4, 'n_mix': 3, 'covariance_type': 'diag'}",0.6633333333333333,0.6353521788699825,"{'algorithm': 'auto', 'leaf_size': 30, 'metric': 'minkowski', 'metric_params': None, 'n_jobs': None, 'n_neighbors': np.int64(13), 'p': 4, 'weights': 'distance'}",0.0655980110168457
Coffee,4,5,5,3,RandomForest,HMM_GMM,6,"{'n_components': 4, 'n_mix': 3, 'covariance_type': 'diag'}",0.7066666666666667,0.6967179508053015,"{'bootstrap': True, 'ccp_alpha': 0.0, 'class_weight': 'balanced', 'criterion': 'gini', 'max_depth': None, 'max_features': 'sqrt', 'max_leaf_nodes': None, 'max_samples': None, 'min_impurity_decrease': 0.0, 'min_samples_leaf': 2, 'min_samples_split': 2, 'min_weight_fraction_leaf': 0.0, 'monotonic_cst': None, 'n_estimators': 150, 'n_jobs': None, 'oob_score': False, 'random_state': 42, 'verbose': 0, 'warm_start': False}",0.5641670227050781
Coffee,4,5,5,3,LinearSVC,HMM_GMM,6,"{'n_components': 4, 'n_mix': 3, 'covariance_type': 'diag'}",0.645,0.635706660096904,"{'C': np.float64(33.59818286283781), 'class_weight': 'balanced', 'dual': False, 'fit_intercept': True, 'intercept_scaling': 1, 'loss': 'squared_hinge', 'max_iter': 100, 'multi_class': 'ovr', 'penalty': 'l1', 'random_state': 42, 'tol': 0.001, 'verbose': 0}",0.03262495994567871
Coffee,4,5,5,3,LogisticRegression,HMM_GMM,6,"{'n_components': 4, 'n_mix': 3, 'covariance_type': 'diag'}",0.6333333333333333,0.618812883957753,"{'C': np.float64(183.29807108324337), 'class_weight': 'balanced', 'dual': False, 'fit_intercept': True, 'intercept_scaling': 1, 'l1_ratio': None, 'max_iter': 100, 'multi_class': 'deprecated', 'n_jobs': None, 'penalty': 'l1', 'random_state': 42, 'solver': 'saga', 'tol': 0.0001, 'verbose': 0, 'warm_start': False}",0.14729595184326172
Coffee,4,5,5,3,KNN,HMM_GMM,7,"{'n_components': 2, 'n_mix': 5, 'covariance_type': 'diag'}",0.7016666666666667,0.6754232530687411,"{'algorithm': 'auto', 'leaf_size': 30, 'metric': 'euclidean', 'metric_params': None, 'n_jobs': None, 'n_neighbors': np.int64(9), 'p': 2, 'weights': 'distance'}",0.012375593185424805
Coffee,4,5,5,3,RandomForest,HMM_GMM,7,"{'n_components': 2, 'n_mix': 5, 'covariance_type': 'diag'}",0.6466666666666666,0.6099693069384612,"{'bootstrap': True, 'ccp_alpha': 0.0, 'class_weight': None, 'criterion': 'gini', 'max_depth': None, 'max_features': 'sqrt', 'max_leaf_nodes': None, 'max_samples': None, 'min_impurity_decrease': 0.0, 'min_samples_leaf': 4, 'min_samples_split': 2, 'min_weight_fraction_leaf': 0.0, 'monotonic_cst': None, 'n_estimators': 50, 'n_jobs': None, 'oob_score': False, 'random_state': 42, 'verbose': 0, 'warm_start': False}",0.19521784782409668
Coffee,4,5,5,3,LinearSVC,HMM_GMM,7,"{'n_components': 2, 'n_mix': 5, 'covariance_type': 'diag'}",0.635,0.6203609436194368,"{'C': np.float64(0.4832930238571752), 'class_weight': 'balanced', 'dual': False, 'fit_intercept': True, 'intercept_scaling': 1, 'loss': 'squared_hinge', 'max_iter': 100, 'multi_class': 'ovr', 'penalty': 'l1', 'random_state': 42, 'tol': 0.0001, 'verbose': 0}",0.03319573402404785
Coffee,4,5,5,3,LogisticRegression,HMM_GMM,7,"{'n_components': 2, 'n_mix': 5, 'covariance_type': 'diag'}",0.6366666666666667,0.6205508062122811,"{'C': np.float64(33.59818286283781), 'class_weight': None, 'dual': False, 'fit_intercept': True, 'intercept_scaling': 1, 'l1_ratio': None, 'max_iter': 100, 'multi_class': 'deprecated', 'n_jobs': None, 'penalty': 'l2', 'random_state': 42, 'solver': 'saga', 'tol': 0.0001, 'verbose': 0, 'warm_start': False}",0.06354331970214844
Coffee,4,5,5,3,KNN,HMM_GMM,8,"{'n_components': 1, 'n_mix': 3, 'covariance_type': 'full'}",0.6716666666666666,0.6548857329345966,"{'algorithm': 'auto', 'leaf_size': 30, 'metric': 'chebyshev', 'metric_params': None, 'n_jobs': None, 'n_neighbors': np.int64(5), 'p': 2, 'weights': 'uniform'}",0.025797605514526367
Coffee,4,5,5,3,RandomForest,HMM_GMM,8,"{'n_components': 1, 'n_mix': 3, 'covariance_type': 'full'}",0.64,0.617885942233784,"{'bootstrap': True, 'ccp_alpha': 0.0, 'class_weight': 'balanced', 'criterion': 'gini', 'max_depth': 30, 'max_features': 'sqrt', 'max_leaf_nodes': None, 'max_samples': None, 'min_impurity_decrease': 0.0, 'min_samples_leaf': 1, 'min_samples_split': 2, 'min_weight_fraction_leaf': 0.0, 'monotonic_cst': None, 'n_estimators': 150, 'n_jobs': None, 'oob_score': False, 'random_state': 42, 'verbose': 0, 'warm_start': False}",0.59049391746521
Coffee,4,5,5,3,LinearSVC,HMM_GMM,8,"{'n_components': 1, 'n_mix': 3, 'covariance_type': 'full'}",0.7233333333333334,0.7239796676069356,"{'C': np.float64(183.29807108324337), 'class_weight': None, 'dual': False, 'fit_intercept': True, 'intercept_scaling': 1, 'loss': 'squared_hinge', 'max_iter': 100, 'multi_class': 'ovr', 'penalty': 'l1', 'random_state': 42, 'tol': 0.001, 'verbose': 0}",0.034126996994018555
Coffee,4,5,5,3,LogisticRegression,HMM_GMM,8,"{'n_components': 1, 'n_mix': 3, 'covariance_type': 'full'}",0.7766666666666666,0.7818833118833118,"{'C': np.float64(1000.0), 'class_weight': 'balanced', 'dual': False, 'fit_intercept': True, 'intercept_scaling': 1, 'l1_ratio': None, 'max_iter': 100, 'multi_class': 'deprecated', 'n_jobs': None, 'penalty': 'l2', 'random_state': 42, 'solver': 'sag', 'tol': 0.0001, 'verbose': 0, 'warm_start': False}",0.0971989631652832
Coffee,4,5,5,3,KNN,HMM_GMM,9,"{'n_components': 5, 'n_mix': 1, 'covariance_type': 'diag'}",0.6766666666666666,0.6418464703226866,"{'algorithm': 'auto', 'leaf_size': 30, 'metric': 'euclidean', 'metric_params': None, 'n_jobs': None, 'n_neighbors': np.int64(9), 'p': 2, 'weights': 'distance'}",0.010955095291137695
Coffee,4,5,5,3,RandomForest,HMM_GMM,9,"{'n_components': 5, 'n_mix': 1, 'covariance_type': 'diag'}",0.6433333333333333,0.5985277233389314,"{'bootstrap': True, 'ccp_alpha': 0.0, 'class_weight': None, 'criterion': 'gini', 'max_depth': 20, 'max_features': 'sqrt', 'max_leaf_nodes': None, 'max_samples': None, 'min_impurity_decrease': 0.0, 'min_samples_leaf': 1, 'min_samples_split': 2, 'min_weight_fraction_leaf': 0.0, 'monotonic_cst': None, 'n_estimators': 100, 'n_jobs': None, 'oob_score': False, 'random_state': 42, 'verbose': 0, 'warm_start': False}",0.3826882839202881
Coffee,4,5,5,3,LinearSVC,HMM_GMM,9,"{'n_components': 5, 'n_mix': 1, 'covariance_type': 'diag'}",0.62,0.5814661447282057,"{'C': np.float64(0.2069138081114788), 'class_weight': None, 'dual': False, 'fit_intercept': False, 'intercept_scaling': 1, 'loss': 'squared_hinge', 'max_iter': 100, 'multi_class': 'ovr', 'penalty': 'l2', 'random_state': 42, 'tol': 0.001, 'verbose': 0}",0.008862733840942383
Coffee,4,5,5,3,LogisticRegression,HMM_GMM,9,"{'n_components': 5, 'n_mix': 1, 'covariance_type': 'diag'}",0.6383333333333333,0.6175915218912433,"{'C': np.float64(0.2069138081114788), 'class_weight': 'balanced', 'dual': False, 'fit_intercept': False, 'intercept_scaling': 1, 'l1_ratio': None, 'max_iter': 100, 'multi_class': 'deprecated', 'n_jobs': None, 'penalty': 'l2', 'random_state': 42, 'solver': 'lbfgs', 'tol': 0.0001, 'verbose': 0, 'warm_start': False}",0.06032848358154297
Coffee,4,5,5,3,KNN,HMM_GMM,10,"{'n_components': 3, 'n_mix': 5, 'covariance_type': 'diag'}",0.6816666666666666,0.6511322108360695,"{'algorithm': 'auto', 'leaf_size': 30, 'metric': 'chebyshev', 'metric_params': None, 'n_jobs': None, 'n_neighbors': np.int64(5), 'p': 2, 'weights': 'uniform'}",0.028157949447631836
Coffee,4,5,5,3,RandomForest,HMM_GMM,10,"{'n_components': 3, 'n_mix': 5, 'covariance_type': 'diag'}",0.6616666666666666,0.6384343405083803,"{'bootstrap': True, 'ccp_alpha': 0.0, 'class_weight': 'balanced', 'criterion': 'gini', 'max_depth': 30, 'max_features': 'sqrt', 'max_leaf_nodes': None, 'max_samples': None, 'min_impurity_decrease': 0.0, 'min_samples_leaf': 1, 'min_samples_split': 2, 'min_weight_fraction_leaf': 0.0, 'monotonic_cst': None, 'n_estimators': 150, 'n_jobs': None, 'oob_score': False, 'random_state': 42, 'verbose': 0, 'warm_start': False}",0.6711323261260986
Coffee,4,5,5,3,LinearSVC,HMM_GMM,10,"{'n_components': 3, 'n_mix': 5, 'covariance_type': 'diag'}",0.6366666666666667,0.6175811381701756,"{'C': np.float64(33.59818286283781), 'class_weight': None, 'dual': False, 'fit_intercept': True, 'intercept_scaling': 1, 'loss': 'squared_hinge', 'max_iter': 100, 'multi_class': 'ovr', 'penalty': 'l1', 'random_state': 42, 'tol': 0.001, 'verbose': 0}",0.03838157653808594
Coffee,4,5,5,3,LogisticRegression,HMM_GMM,10,"{'n_components': 3, 'n_mix': 5, 'covariance_type': 'diag'}",0.6383333333333333,0.6192316379206582,"{'C': np.float64(1000.0), 'class_weight': 'balanced', 'dual': False, 'fit_intercept': True, 'intercept_scaling': 1, 'l1_ratio': None, 'max_iter': 100, 'multi_class': 'deprecated', 'n_jobs': None, 'penalty': 'l2', 'random_state': 42, 'solver': 'sag', 'tol': 0.0001, 'verbose': 0, 'warm_start': False}",0.033364295959472656
Coffee,4,5,5,5,KNN,HMM_GMM,1,"{'n_components': 2, 'n_mix': 1, 'covariance_type': 'diag'}",0.6566666666666666,0.6205203042682689,"{'algorithm': 'auto', 'leaf_size': 30, 'metric': 'euclidean', 'metric_params': None, 'n_jobs': None, 'n_neighbors': np.int64(15), 'p': 2, 'weights': 'distance'}",0.01880669593811035
Coffee,4,5,5,5,RandomForest,HMM_GMM,1,"{'n_components': 2, 'n_mix': 1, 'covariance_type': 'diag'}",0.6316666666666667,0.5891118750655998,"{'bootstrap': True, 'ccp_alpha': 0.0, 'class_weight': 'balanced', 'criterion': 'gini', 'max_depth': 20, 'max_features': 'sqrt', 'max_leaf_nodes': None, 'max_samples': None, 'min_impurity_decrease': 0.0, 'min_samples_leaf': 2, 'min_samples_split': 10, 'min_weight_fraction_leaf': 0.0, 'monotonic_cst': None, 'n_estimators': 150, 'n_jobs': None, 'oob_score': False, 'random_state': 42, 'verbose': 0, 'warm_start': False}",0.8386950492858887
Coffee,4,5,5,5,LinearSVC,HMM_GMM,1,"{'n_components': 2, 'n_mix': 1, 'covariance_type': 'diag'}",0.64,0.6100283081415157,"{'C': np.float64(1000.0), 'class_weight': 'balanced', 'dual': False, 'fit_intercept': True, 'intercept_scaling': 1, 'loss': 'squared_hinge', 'max_iter': 100, 'multi_class': 'ovr', 'penalty': 'l2', 'random_state': 42, 'tol': 0.001, 'verbose': 0}",0.019751787185668945
Coffee,4,5,5,5,LogisticRegression,HMM_GMM,1,"{'n_components': 2, 'n_mix': 1, 'covariance_type': 'diag'}",0.6416666666666667,0.6231722842701363,"{'C': np.float64(33.59818286283781), 'class_weight': None, 'dual': False, 'fit_intercept': True, 'intercept_scaling': 1, 'l1_ratio': None, 'max_iter': 100, 'multi_class': 'deprecated', 'n_jobs': None, 'penalty': 'l2', 'random_state': 42, 'solver': 'saga', 'tol': 0.0001, 'verbose': 0, 'warm_start': False}",0.04462242126464844
Coffee,4,5,5,5,KNN,HMM_GMM,2,"{'n_components': 2, 'n_mix': 4, 'covariance_type': 'tied'}",0.7166666666666667,0.6928979719677394,"{'algorithm': 'auto', 'leaf_size': 30, 'metric': 'manhattan', 'metric_params': None, 'n_jobs': None, 'n_neighbors': np.int64(5), 'p': 2, 'weights': 'distance'}",0.016930103302001953
Coffee,4,5,5,5,RandomForest,HMM_GMM,2,"{'n_components': 2, 'n_mix': 4, 'covariance_type': 'tied'}",0.65,0.6203664830434802,"{'bootstrap': True, 'ccp_alpha': 0.0, 'class_weight': 'balanced', 'criterion': 'gini', 'max_depth': None, 'max_features': 'sqrt', 'max_leaf_nodes': None, 'max_samples': None, 'min_impurity_decrease': 0.0, 'min_samples_leaf': 1, 'min_samples_split': 2, 'min_weight_fraction_leaf': 0.0, 'monotonic_cst': None, 'n_estimators': 50, 'n_jobs': None, 'oob_score': False, 'random_state': 42, 'verbose': 0, 'warm_start': False}",0.24407172203063965
Coffee,4,5,5,5,LinearSVC,HMM_GMM,2,"{'n_components': 2, 'n_mix': 4, 'covariance_type': 'tied'}",0.7233333333333334,0.7119491922768196,"{'C': np.float64(1000.0), 'class_weight': 'balanced', 'dual': False, 'fit_intercept': True, 'intercept_scaling': 1, 'loss': 'squared_hinge', 'max_iter': 100, 'multi_class': 'ovr', 'penalty': 'l2', 'random_state': 42, 'tol': 0.001, 'verbose': 0}",0.028277158737182617
Coffee,4,5,5,5,LogisticRegression,HMM_GMM,2,"{'n_components': 2, 'n_mix': 4, 'covariance_type': 'tied'}",0.7166666666666667,0.7162755923625489,"{'C': np.float64(183.29807108324337), 'class_weight': 'balanced', 'dual': False, 'fit_intercept': True, 'intercept_scaling': 1, 'l1_ratio': None, 'max_iter': 100, 'multi_class': 'deprecated', 'n_jobs': None, 'penalty': 'l1', 'random_state': 42, 'solver': 'saga', 'tol': 0.0001, 'verbose': 0, 'warm_start': False}",0.25486087799072266
Coffee,4,5,5,5,KNN,HMM_GMM,3,"{'n_components': 1, 'n_mix': 3, 'covariance_type': 'diag'}",0.67,0.6346885490279183,"{'algorithm': 'auto', 'leaf_size': 30, 'metric': 'manhattan', 'metric_params': None, 'n_jobs': None, 'n_neighbors': np.int64(5), 'p': 2, 'weights': 'distance'}",0.01983189582824707
Coffee,4,5,5,5,RandomForest,HMM_GMM,3,"{'n_components': 1, 'n_mix': 3, 'covariance_type': 'diag'}",0.605,0.5676342516602559,"{'bootstrap': True, 'ccp_alpha': 0.0, 'class_weight': 'balanced', 'criterion': 'gini', 'max_depth': None, 'max_features': 'sqrt', 'max_leaf_nodes': None, 'max_samples': None, 'min_impurity_decrease': 0.0, 'min_samples_leaf': 2, 'min_samples_split': 2, 'min_weight_fraction_leaf': 0.0, 'monotonic_cst': None, 'n_estimators': 150, 'n_jobs': None, 'oob_score': False, 'random_state': 42, 'verbose': 0, 'warm_start': False}",0.7603566646575928
Coffee,4,5,5,5,LinearSVC,HMM_GMM,3,"{'n_components': 1, 'n_mix': 3, 'covariance_type': 'diag'}",0.6366666666666667,0.6164198539850524,"{'C': np.float64(183.29807108324337), 'class_weight': None, 'dual': False, 'fit_intercept': True, 'intercept_scaling': 1, 'loss': 'squared_hinge', 'max_iter': 100, 'multi_class': 'ovr', 'penalty': 'l1', 'random_state': 42, 'tol': 0.001, 'verbose': 0}",0.03140091896057129
Coffee,4,5,5,5,LogisticRegression,HMM_GMM,3,"{'n_components': 1, 'n_mix': 3, 'covariance_type': 'diag'}",0.6366666666666667,0.616972285544895,"{'C': np.float64(2.6366508987303554), 'class_weight': 'balanced', 'dual': False, 'fit_intercept': True, 'intercept_scaling': 1, 'l1_ratio': None, 'max_iter': 100, 'multi_class': 'deprecated', 'n_jobs': None, 'penalty': 'l1', 'random_state': 42, 'solver': 'saga', 'tol': 0.0001, 'verbose': 0, 'warm_start': False}",0.2535674571990967
Coffee,4,5,5,5,KNN,HMM_GMM,4,"{'n_components': 4, 'n_mix': 3, 'covariance_type': 'diag'}",0.68,0.6486416004669547,"{'algorithm': 'auto', 'leaf_size': 30, 'metric': 'manhattan', 'metric_params': None, 'n_jobs': None, 'n_neighbors': np.int64(5), 'p': 2, 'weights': 'distance'}",0.01804375648498535
Coffee,4,5,5,5,RandomForest,HMM_GMM,4,"{'n_components': 4, 'n_mix': 3, 'covariance_type': 'diag'}",0.6766666666666666,0.6531695236658073,"{'bootstrap': True, 'ccp_alpha': 0.0, 'class_weight': 'balanced', 'criterion': 'gini', 'max_depth': None, 'max_features': 'sqrt', 'max_leaf_nodes': None, 'max_samples': None, 'min_impurity_decrease': 0.0, 'min_samples_leaf': 2, 'min_samples_split': 2, 'min_weight_fraction_leaf': 0.0, 'monotonic_cst': None, 'n_estimators': 150, 'n_jobs': None, 'oob_score': False, 'random_state': 42, 'verbose': 0, 'warm_start': False}",0.7251389026641846
Coffee,4,5,5,5,LinearSVC,HMM_GMM,4,"{'n_components': 4, 'n_mix': 3, 'covariance_type': 'diag'}",0.6533333333333333,0.6470758842557515,"{'C': np.float64(33.59818286283781), 'class_weight': 'balanced', 'dual': False, 'fit_intercept': True, 'intercept_scaling': 1, 'loss': 'squared_hinge', 'max_iter': 100, 'multi_class': 'ovr', 'penalty': 'l1', 'random_state': 42, 'tol': 0.0001, 'verbose': 0}",0.05714082717895508
Coffee,4,5,5,5,LogisticRegression,HMM_GMM,4,"{'n_components': 4, 'n_mix': 3, 'covariance_type': 'diag'}",0.6416666666666667,0.6268636280578619,"{'C': np.float64(1000.0), 'class_weight': 'balanced', 'dual': False, 'fit_intercept': True, 'intercept_scaling': 1, 'l1_ratio': None, 'max_iter': 100, 'multi_class': 'deprecated', 'n_jobs': None, 'penalty': 'l2', 'random_state': 42, 'solver': 'sag', 'tol': 0.0001, 'verbose': 0, 'warm_start': False}",0.16912150382995605
Coffee,4,5,5,5,KNN,HMM_GMM,5,"{'n_components': 1, 'n_mix': 1, 'covariance_type': 'tied'}",0.6866666666666666,0.6803968761857061,"{'algorithm': 'auto', 'leaf_size': 30, 'metric': 'minkowski', 'metric_params': None, 'n_jobs': None, 'n_neighbors': np.int64(5), 'p': 3, 'weights': 'distance'}",0.042082786560058594
Coffee,4,5,5,5,RandomForest,HMM_GMM,5,"{'n_components': 1, 'n_mix': 1, 'covariance_type': 'tied'}",0.67,0.6683667154502404,"{'bootstrap': True, 'ccp_alpha': 0.0, 'class_weight': 'balanced', 'criterion': 'gini', 'max_depth': 30, 'max_features': 'sqrt', 'max_leaf_nodes': None, 'max_samples': None, 'min_impurity_decrease': 0.0, 'min_samples_leaf': 1, 'min_samples_split': 2, 'min_weight_fraction_leaf': 0.0, 'monotonic_cst': None, 'n_estimators': 150, 'n_jobs': None, 'oob_score': False, 'random_state': 42, 'verbose': 0, 'warm_start': False}",0.8391647338867188
Coffee,4,5,5,5,LinearSVC,HMM_GMM,5,"{'n_components': 1, 'n_mix': 1, 'covariance_type': 'tied'}",0.7916666666666666,0.7934237402406344,"{'C': np.float64(183.29807108324337), 'class_weight': None, 'dual': False, 'fit_intercept': True, 'intercept_scaling': 1, 'loss': 'squared_hinge', 'max_iter': 100, 'multi_class': 'ovr', 'penalty': 'l1', 'random_state': 42, 'tol': 0.001, 'verbose': 0}",0.057039737701416016
Coffee,4,5,5,5,LogisticRegression,HMM_GMM,5,"{'n_components': 1, 'n_mix': 1, 'covariance_type': 'tied'}",0.8616666666666667,0.8645644556691902,"{'C': np.float64(1000.0), 'class_weight': 'balanced', 'dual': False, 'fit_intercept': True, 'intercept_scaling': 1, 'l1_ratio': None, 'max_iter': 100, 'multi_class': 'deprecated', 'n_jobs': None, 'penalty': 'l2', 'random_state': 42, 'solver': 'sag', 'tol': 0.0001, 'verbose': 0, 'warm_start': False}",0.20371484756469727
Coffee,4,5,5,5,KNN,HMM_GMM,6,"{'n_components': 4, 'n_mix': 3, 'covariance_type': 'diag'}",0.68,0.6486416004669547,"{'algorithm': 'auto', 'leaf_size': 30, 'metric': 'manhattan', 'metric_params': None, 'n_jobs': None, 'n_neighbors': np.int64(5), 'p': 2, 'weights': 'distance'}",0.018023967742919922
Coffee,4,5,5,5,RandomForest,HMM_GMM,6,"{'n_components': 4, 'n_mix': 3, 'covariance_type': 'diag'}",0.675,0.6514262398315134,"{'bootstrap': True, 'ccp_alpha': 0.0, 'class_weight': 'balanced', 'criterion': 'gini', 'max_depth': None, 'max_features': 'sqrt', 'max_leaf_nodes': None, 'max_samples': None, 'min_impurity_decrease': 0.0, 'min_samples_leaf': 2, 'min_samples_split': 2, 'min_weight_fraction_leaf': 0.0, 'monotonic_cst': None, 'n_estimators': 150, 'n_jobs': None, 'oob_score': False, 'random_state': 42, 'verbose': 0, 'warm_start': False}",0.6710381507873535
Coffee,4,5,5,5,LinearSVC,HMM_GMM,6,"{'n_components': 4, 'n_mix': 3, 'covariance_type': 'diag'}",0.6533333333333333,0.6470758842557515,"{'C': np.float64(33.59818286283781), 'class_weight': 'balanced', 'dual': False, 'fit_intercept': True, 'intercept_scaling': 1, 'loss': 'squared_hinge', 'max_iter': 100, 'multi_class': 'ovr', 'penalty': 'l1', 'random_state': 42, 'tol': 0.0001, 'verbose': 0}",0.060890913009643555
Coffee,4,5,5,5,LogisticRegression,HMM_GMM,6,"{'n_components': 4, 'n_mix': 3, 'covariance_type': 'diag'}",0.6416666666666667,0.6268636280578619,"{'C': np.float64(1000.0), 'class_weight': 'balanced', 'dual': False, 'fit_intercept': True, 'intercept_scaling': 1, 'l1_ratio': None, 'max_iter': 100, 'multi_class': 'deprecated', 'n_jobs': None, 'penalty': 'l2', 'random_state': 42, 'solver': 'sag', 'tol': 0.0001, 'verbose': 0, 'warm_start': False}",0.17134404182434082
Coffee,4,5,5,5,KNN,HMM_GMM,7,"{'n_components': 2, 'n_mix': 5, 'covariance_type': 'diag'}",0.69,0.6644902445390627,"{'algorithm': 'auto', 'leaf_size': 30, 'metric': 'minkowski', 'metric_params': None, 'n_jobs': None, 'n_neighbors': np.int64(13), 'p': 4, 'weights': 'distance'}",0.05275416374206543
Coffee,4,5,5,5,RandomForest,HMM_GMM,7,"{'n_components': 2, 'n_mix': 5, 'covariance_type': 'diag'}",0.66,0.6294312575911397,"{'bootstrap': True, 'ccp_alpha': 0.0, 'class_weight': 'balanced', 'criterion': 'gini', 'max_depth': None, 'max_features': 'sqrt', 'max_leaf_nodes': None, 'max_samples': None, 'min_impurity_decrease': 0.0, 'min_samples_leaf': 2, 'min_samples_split': 2, 'min_weight_fraction_leaf': 0.0, 'monotonic_cst': None, 'n_estimators': 150, 'n_jobs': None, 'oob_score': False, 'random_state': 42, 'verbose': 0, 'warm_start': False}",0.6919987201690674
Coffee,4,5,5,5,LinearSVC,HMM_GMM,7,"{'n_components': 2, 'n_mix': 5, 'covariance_type': 'diag'}",0.635,0.617836622120439,"{'C': np.float64(1000.0), 'class_weight': 'balanced', 'dual': False, 'fit_intercept': True, 'intercept_scaling': 1, 'loss': 'squared_hinge', 'max_iter': 100, 'multi_class': 'ovr', 'penalty': 'l2', 'random_state': 42, 'tol': 0.001, 'verbose': 0}",0.019451141357421875
Coffee,4,5,5,5,LogisticRegression,HMM_GMM,7,"{'n_components': 2, 'n_mix': 5, 'covariance_type': 'diag'}",0.64,0.6207044526208088,"{'C': np.float64(1000.0), 'class_weight': 'balanced', 'dual': False, 'fit_intercept': True, 'intercept_scaling': 1, 'l1_ratio': None, 'max_iter': 100, 'multi_class': 'deprecated', 'n_jobs': None, 'penalty': 'l2', 'random_state': 42, 'solver': 'sag', 'tol': 0.0001, 'verbose': 0, 'warm_start': False}",0.04188132286071777
Coffee,4,5,5,5,KNN,HMM_GMM,8,"{'n_components': 1, 'n_mix': 3, 'covariance_type': 'full'}",0.6816666666666666,0.6678803822081174,"{'algorithm': 'auto', 'leaf_size': 30, 'metric': 'minkowski', 'metric_params': None, 'n_jobs': None, 'n_neighbors': np.int64(5), 'p': 3, 'weights': 'distance'}",0.039565324783325195
Coffee,4,5,5,5,RandomForest,HMM_GMM,8,"{'n_components': 1, 'n_mix': 3, 'covariance_type': 'full'}",0.635,0.6111923502877358,"{'bootstrap': True, 'ccp_alpha': 0.0, 'class_weight': 'balanced', 'criterion': 'gini', 'max_depth': None, 'max_features': 'sqrt', 'max_leaf_nodes': None, 'max_samples': None, 'min_impurity_decrease': 0.0, 'min_samples_leaf': 1, 'min_samples_split': 2, 'min_weight_fraction_leaf': 0.0, 'monotonic_cst': None, 'n_estimators': 50, 'n_jobs': None, 'oob_score': False, 'random_state': 42, 'verbose': 0, 'warm_start': False}",0.2587926387786865
Coffee,4,5,5,5,LinearSVC,HMM_GMM,8,"{'n_components': 1, 'n_mix': 3, 'covariance_type': 'full'}",0.7316666666666667,0.7331416514474207,"{'C': np.float64(183.29807108324337), 'class_weight': None, 'dual': False, 'fit_intercept': True, 'intercept_scaling': 1, 'loss': 'squared_hinge', 'max_iter': 100, 'multi_class': 'ovr', 'penalty': 'l1', 'random_state': 42, 'tol': 0.001, 'verbose': 0}",0.05703616142272949
Coffee,4,5,5,5,LogisticRegression,HMM_GMM,8,"{'n_components': 1, 'n_mix': 3, 'covariance_type': 'full'}",0.775,0.779867707109694,"{'C': np.float64(183.29807108324337), 'class_weight': None, 'dual': False, 'fit_intercept': True, 'intercept_scaling': 1, 'l1_ratio': None, 'max_iter': 100, 'multi_class': 'deprecated', 'n_jobs': None, 'penalty': 'l2', 'random_state': 42, 'solver': 'saga', 'tol': 0.0001, 'verbose': 0, 'warm_start': False}",0.18922972679138184
Coffee,4,5,5,5,KNN,HMM_GMM,9,"{'n_components': 5, 'n_mix': 1, 'covariance_type': 'diag'}",0.66,0.6193291899332011,"{'algorithm': 'auto', 'leaf_size': 30, 'metric': 'minkowski', 'metric_params': None, 'n_jobs': None, 'n_neighbors': np.int64(5), 'p': 3, 'weights': 'distance'}",0.04488110542297363
Coffee,4,5,5,5,RandomForest,HMM_GMM,9,"{'n_components': 5, 'n_mix': 1, 'covariance_type': 'diag'}",0.6333333333333333,0.5846222135611203,"{'bootstrap': True, 'ccp_alpha': 0.0, 'class_weight': 'balanced', 'criterion': 'gini', 'max_depth': None, 'max_features': 'sqrt', 'max_leaf_nodes': None, 'max_samples': None, 'min_impurity_decrease': 0.0, 'min_samples_leaf': 1, 'min_samples_split': 2, 'min_weight_fraction_leaf': 0.0, 'monotonic_cst': None, 'n_estimators': 50, 'n_jobs': None, 'oob_score': False, 'random_state': 42, 'verbose': 0, 'warm_start': False}",0.2707667350769043
Coffee,4,5,5,5,LinearSVC,HMM_GMM,9,"{'n_components': 5, 'n_mix': 1, 'covariance_type': 'diag'}",0.565,0.48183330289046655,"{'C': np.float64(2.6366508987303554), 'class_weight': 'balanced', 'dual': False, 'fit_intercept': True, 'intercept_scaling': 1, 'loss': 'squared_hinge', 'max_iter': 100, 'multi_class': 'ovr', 'penalty': 'l1', 'random_state': 42, 'tol': 0.0001, 'verbose': 0}",0.055083274841308594
Coffee,4,5,5,5,LogisticRegression,HMM_GMM,9,"{'n_components': 5, 'n_mix': 1, 'covariance_type': 'diag'}",0.5666666666666667,0.48368397702330357,"{'C': np.float64(2.6366508987303554), 'class_weight': 'balanced', 'dual': False, 'fit_intercept': True, 'intercept_scaling': 1, 'l1_ratio': None, 'max_iter': 100, 'multi_class': 'deprecated', 'n_jobs': None, 'penalty': 'l1', 'random_state': 42, 'solver': 'saga', 'tol': 0.0001, 'verbose': 0, 'warm_start': False}",0.27719998359680176
Coffee,4,5,5,5,KNN,HMM_GMM,10,"{'n_components': 3, 'n_mix': 5, 'covariance_type': 'diag'}",0.6733333333333333,0.6456590439191863,"{'algorithm': 'auto', 'leaf_size': 30, 'metric': 'minkowski', 'metric_params': None, 'n_jobs': None, 'n_neighbors': np.int64(13), 'p': 4, 'weights': 'distance'}",0.050238609313964844
Coffee,4,5,5,5,RandomForest,HMM_GMM,10,"{'n_components': 3, 'n_mix': 5, 'covariance_type': 'diag'}",0.6416666666666667,0.611216583914984,"{'bootstrap': True, 'ccp_alpha': 0.0, 'class_weight': 'balanced', 'criterion': 'gini', 'max_depth': 30, 'max_features': 'sqrt', 'max_leaf_nodes': None, 'max_samples': None, 'min_impurity_decrease': 0.0, 'min_samples_leaf': 1, 'min_samples_split': 2, 'min_weight_fraction_leaf': 0.0, 'monotonic_cst': None, 'n_estimators': 150, 'n_jobs': None, 'oob_score': False, 'random_state': 42, 'verbose': 0, 'warm_start': False}",0.7425072193145752
Coffee,4,5,5,5,LinearSVC,HMM_GMM,10,"{'n_components': 3, 'n_mix': 5, 'covariance_type': 'diag'}",0.635,0.6116427363486187,"{'C': np.float64(183.29807108324337), 'class_weight': 'balanced', 'dual': False, 'fit_intercept': True, 'intercept_scaling': 1, 'loss': 'squared_hinge', 'max_iter': 100, 'multi_class': 'ovr', 'penalty': 'l1', 'random_state': 42, 'tol': 0.0001, 'verbose': 0}",0.05619549751281738
Coffee,4,5,5,5,LogisticRegression,HMM_GMM,10,"{'n_components': 3, 'n_mix': 5, 'covariance_type': 'diag'}",0.6366666666666667,0.6180396725453424,"{'C': np.float64(2.6366508987303554), 'class_weight': 'balanced', 'dual': False, 'fit_intercept': True, 'intercept_scaling': 1, 'l1_ratio': None, 'max_iter': 100, 'multi_class': 'deprecated', 'n_jobs': None, 'penalty': 'l1', 'random_state': 42, 'solver': 'saga', 'tol': 0.0001, 'verbose': 0, 'warm_start': False}",0.251232385635376
Coffee,4,5,5,10,KNN,HMM_GMM,1,"{'n_components': 2, 'n_mix': 1, 'covariance_type': 'diag'}",0.665,0.62780685029681,"{'algorithm': 'auto', 'leaf_size': 30, 'metric': 'minkowski', 'metric_params': None, 'n_jobs': None, 'n_neighbors': 5, 'p': 2, 'weights': 'uniform'}",0.04523110389709473
Coffee,4,5,5,10,RandomForest,HMM_GMM,1,"{'n_components': 2, 'n_mix': 1, 'covariance_type': 'diag'}",0.5966666666666667,0.5567563002908905,"{'bootstrap': True, 'ccp_alpha': 0.0, 'class_weight': None, 'criterion': 'gini', 'max_depth': None, 'max_features': 'sqrt', 'max_leaf_nodes': None, 'max_samples': None, 'min_impurity_decrease': 0.0, 'min_samples_leaf': 1, 'min_samples_split': 2, 'min_weight_fraction_leaf': 0.0, 'monotonic_cst': None, 'n_estimators': 100, 'n_jobs': None, 'oob_score': False, 'random_state': 42, 'verbose': 0, 'warm_start': False}",0.7480237483978271
Coffee,4,5,5,10,LinearSVC,HMM_GMM,1,"{'n_components': 2, 'n_mix': 1, 'covariance_type': 'diag'}",0.6266666666666667,0.5927468591545073,"{'C': 1.0, 'class_weight': None, 'dual': False, 'fit_intercept': True, 'intercept_scaling': 1, 'loss': 'squared_hinge', 'max_iter': 100, 'multi_class': 'ovr', 'penalty': 'l2', 'random_state': 42, 'tol': 0.0001, 'verbose': 0}",0.03842353820800781
Coffee,4,5,5,10,LogisticRegression,HMM_GMM,1,"{'n_components': 2, 'n_mix': 1, 'covariance_type': 'diag'}",0.6416666666666667,0.6189459236611509,"{'C': 1.0, 'class_weight': None, 'dual': False, 'fit_intercept': True, 'intercept_scaling': 1, 'l1_ratio': None, 'max_iter': 100, 'multi_class': 'deprecated', 'n_jobs': None, 'penalty': 'l2', 'random_state': 42, 'solver': 'lbfgs', 'tol': 0.0001, 'verbose': 0, 'warm_start': False}",0.06647062301635742
Coffee,4,5,5,10,KNN,HMM_GMM,2,"{'n_components': 2, 'n_mix': 4, 'covariance_type': 'tied'}",0.7133333333333334,0.6895207173064353,"{'algorithm': 'auto', 'leaf_size': 30, 'metric': 'minkowski', 'metric_params': None, 'n_jobs': None, 'n_neighbors': 5, 'p': 2, 'weights': 'uniform'}",0.043701171875
Coffee,4,5,5,10,RandomForest,HMM_GMM,2,"{'n_components': 2, 'n_mix': 4, 'covariance_type': 'tied'}",0.6566666666666666,0.6222728349594021,"{'bootstrap': True, 'ccp_alpha': 0.0, 'class_weight': None, 'criterion': 'gini', 'max_depth': None, 'max_features': 'sqrt', 'max_leaf_nodes': None, 'max_samples': None, 'min_impurity_decrease': 0.0, 'min_samples_leaf': 1, 'min_samples_split': 2, 'min_weight_fraction_leaf': 0.0, 'monotonic_cst': None, 'n_estimators': 100, 'n_jobs': None, 'oob_score': False, 'random_state': 42, 'verbose': 0, 'warm_start': False}",0.6611371040344238
Coffee,4,5,5,10,LinearSVC,HMM_GMM,2,"{'n_components': 2, 'n_mix': 4, 'covariance_type': 'tied'}",0.7083333333333334,0.6941065728147284,"{'C': 1.0, 'class_weight': None, 'dual': False, 'fit_intercept': True, 'intercept_scaling': 1, 'loss': 'squared_hinge', 'max_iter': 100, 'multi_class': 'ovr', 'penalty': 'l2', 'random_state': 42, 'tol': 0.0001, 'verbose': 0}",0.06130719184875488
Coffee,4,5,5,10,LogisticRegression,HMM_GMM,2,"{'n_components': 2, 'n_mix': 4, 'covariance_type': 'tied'}",0.71,0.7092167341037711,"{'C': 1.0, 'class_weight': None, 'dual': False, 'fit_intercept': True, 'intercept_scaling': 1, 'l1_ratio': None, 'max_iter': 100, 'multi_class': 'deprecated', 'n_jobs': None, 'penalty': 'l2', 'random_state': 42, 'solver': 'lbfgs', 'tol': 0.0001, 'verbose': 0, 'warm_start': False}",0.1862354278564453
Coffee,4,5,5,10,KNN,HMM_GMM,3,"{'n_components': 1, 'n_mix': 3, 'covariance_type': 'diag'}",0.6616666666666666,0.6230390700498227,"{'algorithm': 'auto', 'leaf_size': 30, 'metric': 'minkowski', 'metric_params': None, 'n_jobs': None, 'n_neighbors': 5, 'p': 2, 'weights': 'uniform'}",0.04510498046875
Coffee,4,5,5,10,RandomForest,HMM_GMM,3,"{'n_components': 1, 'n_mix': 3, 'covariance_type': 'diag'}",0.61,0.5680168761719564,"{'bootstrap': True, 'ccp_alpha': 0.0, 'class_weight': None, 'criterion': 'gini', 'max_depth': None, 'max_features': 'sqrt', 'max_leaf_nodes': None, 'max_samples': None, 'min_impurity_decrease': 0.0, 'min_samples_leaf': 1, 'min_samples_split': 2, 'min_weight_fraction_leaf': 0.0, 'monotonic_cst': None, 'n_estimators': 100, 'n_jobs': None, 'oob_score': False, 'random_state': 42, 'verbose': 0, 'warm_start': False}",0.6874556541442871
Coffee,4,5,5,10,LinearSVC,HMM_GMM,3,"{'n_components': 1, 'n_mix': 3, 'covariance_type': 'diag'}",0.635,0.6141497378460151,"{'C': 1.0, 'class_weight': None, 'dual': False, 'fit_intercept': True, 'intercept_scaling': 1, 'loss': 'squared_hinge', 'max_iter': 100, 'multi_class': 'ovr', 'penalty': 'l2', 'random_state': 42, 'tol': 0.0001, 'verbose': 0}",0.03553509712219238
Coffee,4,5,5,10,LogisticRegression,HMM_GMM,3,"{'n_components': 1, 'n_mix': 3, 'covariance_type': 'diag'}",0.6366666666666667,0.616972285544895,"{'C': 1.0, 'class_weight': None, 'dual': False, 'fit_intercept': True, 'intercept_scaling': 1, 'l1_ratio': None, 'max_iter': 100, 'multi_class': 'deprecated', 'n_jobs': None, 'penalty': 'l2', 'random_state': 42, 'solver': 'lbfgs', 'tol': 0.0001, 'verbose': 0, 'warm_start': False}",0.05001997947692871
Coffee,4,5,5,10,KNN,HMM_GMM,4,"{'n_components': 4, 'n_mix': 3, 'covariance_type': 'diag'}",0.6866666666666666,0.6574445633734494,"{'algorithm': 'auto', 'leaf_size': 30, 'metric': 'minkowski', 'metric_params': None, 'n_jobs': None, 'n_neighbors': 5, 'p': 2, 'weights': 'uniform'}",0.0547175407409668
Coffee,4,5,5,10,RandomForest,HMM_GMM,4,"{'n_components': 4, 'n_mix': 3, 'covariance_type': 'diag'}",0.655,0.6195533723688604,"{'bootstrap': True, 'ccp_alpha': 0.0, 'class_weight': None, 'criterion': 'gini', 'max_depth': None, 'max_features': 'sqrt', 'max_leaf_nodes': None, 'max_samples': None, 'min_impurity_decrease': 0.0, 'min_samples_leaf': 1, 'min_samples_split': 2, 'min_weight_fraction_leaf': 0.0, 'monotonic_cst': None, 'n_estimators': 100, 'n_jobs': None, 'oob_score': False, 'random_state': 42, 'verbose': 0, 'warm_start': False}",0.623370885848999
Coffee,4,5,5,10,LinearSVC,HMM_GMM,4,"{'n_components': 4, 'n_mix': 3, 'covariance_type': 'diag'}",0.6533333333333333,0.646016277575498,"{'C': 1.0, 'class_weight': None, 'dual': False, 'fit_intercept': True, 'intercept_scaling': 1, 'loss': 'squared_hinge', 'max_iter': 100, 'multi_class': 'ovr', 'penalty': 'l2', 'random_state': 42, 'tol': 0.0001, 'verbose': 0}",0.040703535079956055
Coffee,4,5,5,10,LogisticRegression,HMM_GMM,4,"{'n_components': 4, 'n_mix': 3, 'covariance_type': 'diag'}",0.64,0.6240941111133017,"{'C': 1.0, 'class_weight': None, 'dual': False, 'fit_intercept': True, 'intercept_scaling': 1, 'l1_ratio': None, 'max_iter': 100, 'multi_class': 'deprecated', 'n_jobs': None, 'penalty': 'l2', 'random_state': 42, 'solver': 'lbfgs', 'tol': 0.0001, 'verbose': 0, 'warm_start': False}",0.08343267440795898
Coffee,4,5,5,10,KNN,HMM_GMM,5,"{'n_components': 1, 'n_mix': 1, 'covariance_type': 'tied'}",0.6916666666666667,0.6854677220755491,"{'algorithm': 'auto', 'leaf_size': 30, 'metric': 'minkowski', 'metric_params': None, 'n_jobs': None, 'n_neighbors': 5, 'p': 2, 'weights': 'uniform'}",0.05222606658935547
Coffee,4,5,5,10,RandomForest,HMM_GMM,5,"{'n_components': 1, 'n_mix': 1, 'covariance_type': 'tied'}",0.66,0.655184538225474,"{'bootstrap': True, 'ccp_alpha': 0.0, 'class_weight': None, 'criterion': 'gini', 'max_depth': None, 'max_features': 'sqrt', 'max_leaf_nodes': None, 'max_samples': None, 'min_impurity_decrease': 0.0, 'min_samples_leaf': 1, 'min_samples_split': 2, 'min_weight_fraction_leaf': 0.0, 'monotonic_cst': None, 'n_estimators': 100, 'n_jobs': None, 'oob_score': False, 'random_state': 42, 'verbose': 0, 'warm_start': False}",0.7850377559661865
Coffee,4,5,5,10,LinearSVC,HMM_GMM,5,"{'n_components': 1, 'n_mix': 1, 'covariance_type': 'tied'}",0.8133333333333334,0.8153176383624283,"{'C': 1.0, 'class_weight': None, 'dual': False, 'fit_intercept': True, 'intercept_scaling': 1, 'loss': 'squared_hinge', 'max_iter': 100, 'multi_class': 'ovr', 'penalty': 'l2', 'random_state': 42, 'tol': 0.0001, 'verbose': 0}",0.05585885047912598
Coffee,4,5,5,10,LogisticRegression,HMM_GMM,5,"{'n_components': 1, 'n_mix': 1, 'covariance_type': 'tied'}",0.8416666666666667,0.8445908710274074,"{'C': 1.0, 'class_weight': None, 'dual': False, 'fit_intercept': True, 'intercept_scaling': 1, 'l1_ratio': None, 'max_iter': 100, 'multi_class': 'deprecated', 'n_jobs': None, 'penalty': 'l2', 'random_state': 42, 'solver': 'lbfgs', 'tol': 0.0001, 'verbose': 0, 'warm_start': False}",0.3057858943939209
Coffee,4,5,5,10,KNN,HMM_GMM,6,"{'n_components': 4, 'n_mix': 3, 'covariance_type': 'diag'}",0.6866666666666666,0.6574445633734494,"{'algorithm': 'auto', 'leaf_size': 30, 'metric': 'minkowski', 'metric_params': None, 'n_jobs': None, 'n_neighbors': 5, 'p': 2, 'weights': 'uniform'}",0.05490827560424805
Coffee,4,5,5,10,RandomForest,HMM_GMM,6,"{'n_components': 4, 'n_mix': 3, 'covariance_type': 'diag'}",0.6566666666666666,0.6220982944918907,"{'bootstrap': True, 'ccp_alpha': 0.0, 'class_weight': None, 'criterion': 'gini', 'max_depth': None, 'max_features': 'sqrt', 'max_leaf_nodes': None, 'max_samples': None, 'min_impurity_decrease': 0.0, 'min_samples_leaf': 1, 'min_samples_split': 2, 'min_weight_fraction_leaf': 0.0, 'monotonic_cst': None, 'n_estimators': 100, 'n_jobs': None, 'oob_score': False, 'random_state': 42, 'verbose': 0, 'warm_start': False}",0.8098559379577637
Coffee,4,5,5,10,LinearSVC,HMM_GMM,6,"{'n_components': 4, 'n_mix': 3, 'covariance_type': 'diag'}",0.6533333333333333,0.646016277575498,"{'C': 1.0, 'class_weight': None, 'dual': False, 'fit_intercept': True, 'intercept_scaling': 1, 'loss': 'squared_hinge', 'max_iter': 100, 'multi_class': 'ovr', 'penalty': 'l2', 'random_state': 42, 'tol': 0.0001, 'verbose': 0}",0.04968881607055664
Coffee,4,5,5,10,LogisticRegression,HMM_GMM,6,"{'n_components': 4, 'n_mix': 3, 'covariance_type': 'diag'}",0.64,0.6240941111133017,"{'C': 1.0, 'class_weight': None, 'dual': False, 'fit_intercept': True, 'intercept_scaling': 1, 'l1_ratio': None, 'max_iter': 100, 'multi_class': 'deprecated', 'n_jobs': None, 'penalty': 'l2', 'random_state': 42, 'solver': 'lbfgs', 'tol': 0.0001, 'verbose': 0, 'warm_start': False}",0.14870166778564453
Coffee,4,5,5,10,KNN,HMM_GMM,7,"{'n_components': 2, 'n_mix': 5, 'covariance_type': 'diag'}",0.7,0.6734214173413654,"{'algorithm': 'auto', 'leaf_size': 30, 'metric': 'minkowski', 'metric_params': None, 'n_jobs': None, 'n_neighbors': 5, 'p': 2, 'weights': 'uniform'}",0.05513882637023926
Coffee,4,5,5,10,RandomForest,HMM_GMM,7,"{'n_components': 2, 'n_mix': 5, 'covariance_type': 'diag'}",0.6366666666666667,0.6043433846490239,"{'bootstrap': True, 'ccp_alpha': 0.0, 'class_weight': None, 'criterion': 'gini', 'max_depth': None, 'max_features': 'sqrt', 'max_leaf_nodes': None, 'max_samples': None, 'min_impurity_decrease': 0.0, 'min_samples_leaf': 1, 'min_samples_split': 2, 'min_weight_fraction_leaf': 0.0, 'monotonic_cst': None, 'n_estimators': 100, 'n_jobs': None, 'oob_score': False, 'random_state': 42, 'verbose': 0, 'warm_start': False}",0.7523698806762695
Coffee,4,5,5,10,LinearSVC,HMM_GMM,7,"{'n_components': 2, 'n_mix': 5, 'covariance_type': 'diag'}",0.6316666666666667,0.6105564230471624,"{'C': 1.0, 'class_weight': None, 'dual': False, 'fit_intercept': True, 'intercept_scaling': 1, 'loss': 'squared_hinge', 'max_iter': 100, 'multi_class': 'ovr', 'penalty': 'l2', 'random_state': 42, 'tol': 0.0001, 'verbose': 0}",0.05253171920776367
Coffee,4,5,5,10,LogisticRegression,HMM_GMM,7,"{'n_components': 2, 'n_mix': 5, 'covariance_type': 'diag'}",0.64,0.6207044526208088,"{'C': 1.0, 'class_weight': None, 'dual': False, 'fit_intercept': True, 'intercept_scaling': 1, 'l1_ratio': None, 'max_iter': 100, 'multi_class': 'deprecated', 'n_jobs': None, 'penalty': 'l2', 'random_state': 42, 'solver': 'lbfgs', 'tol': 0.0001, 'verbose': 0, 'warm_start': False}",0.31526756286621094
Coffee,4,5,5,10,KNN,HMM_GMM,8,"{'n_components': 1, 'n_mix': 3, 'covariance_type': 'full'}",0.68,0.6628712193834677,"{'algorithm': 'auto', 'leaf_size': 30, 'metric': 'minkowski', 'metric_params': None, 'n_jobs': None, 'n_neighbors': 5, 'p': 2, 'weights': 'uniform'}",0.0423130989074707
Coffee,4,5,5,10,RandomForest,HMM_GMM,8,"{'n_components': 1, 'n_mix': 3, 'covariance_type': 'full'}",0.6616666666666666,0.6387566844963382,"{'bootstrap': True, 'ccp_alpha': 0.0, 'class_weight': None, 'criterion': 'gini', 'max_depth': None, 'max_features': 'sqrt', 'max_leaf_nodes': None, 'max_samples': None, 'min_impurity_decrease': 0.0, 'min_samples_leaf': 1, 'min_samples_split': 2, 'min_weight_fraction_leaf': 0.0, 'monotonic_cst': None, 'n_estimators': 100, 'n_jobs': None, 'oob_score': False, 'random_state': 42, 'verbose': 0, 'warm_start': False}",0.641761302947998
Coffee,4,5,5,10,LinearSVC,HMM_GMM,8,"{'n_components': 1, 'n_mix': 3, 'covariance_type': 'full'}",0.7616666666666667,0.7620610249599923,"{'C': 1.0, 'class_weight': None, 'dual': False, 'fit_intercept': True, 'intercept_scaling': 1, 'loss': 'squared_hinge', 'max_iter': 100, 'multi_class': 'ovr', 'penalty': 'l2', 'random_state': 42, 'tol': 0.0001, 'verbose': 0}",0.04915642738342285
Coffee,4,5,5,10,LogisticRegression,HMM_GMM,8,"{'n_components': 1, 'n_mix': 3, 'covariance_type': 'full'}",0.7516666666666667,0.7554545063782893,"{'C': 1.0, 'class_weight': None, 'dual': False, 'fit_intercept': True, 'intercept_scaling': 1, 'l1_ratio': None, 'max_iter': 100, 'multi_class': 'deprecated', 'n_jobs': None, 'penalty': 'l2', 'random_state': 42, 'solver': 'lbfgs', 'tol': 0.0001, 'verbose': 0, 'warm_start': False}",0.14560604095458984
Coffee,4,5,5,10,KNN,HMM_GMM,9,"{'n_components': 5, 'n_mix': 1, 'covariance_type': 'diag'}",0.67,0.6327693395752613,"{'algorithm': 'auto', 'leaf_size': 30, 'metric': 'minkowski', 'metric_params': None, 'n_jobs': None, 'n_neighbors': 5, 'p': 2, 'weights': 'uniform'}",0.05480027198791504
Coffee,4,5,5,10,RandomForest,HMM_GMM,9,"{'n_components': 5, 'n_mix': 1, 'covariance_type': 'diag'}",0.6333333333333333,0.5836805859949544,"{'bootstrap': True, 'ccp_alpha': 0.0, 'class_weight': None, 'criterion': 'gini', 'max_depth': None, 'max_features': 'sqrt', 'max_leaf_nodes': None, 'max_samples': None, 'min_impurity_decrease': 0.0, 'min_samples_leaf': 1, 'min_samples_split': 2, 'min_weight_fraction_leaf': 0.0, 'monotonic_cst': None, 'n_estimators': 100, 'n_jobs': None, 'oob_score': False, 'random_state': 42, 'verbose': 0, 'warm_start': False}",0.700624942779541
Coffee,4,5,5,10,LinearSVC,HMM_GMM,9,"{'n_components': 5, 'n_mix': 1, 'covariance_type': 'diag'}",0.5516666666666666,0.46227009300838934,"{'C': 1.0, 'class_weight': None, 'dual': False, 'fit_intercept': True, 'intercept_scaling': 1, 'loss': 'squared_hinge', 'max_iter': 100, 'multi_class': 'ovr', 'penalty': 'l2', 'random_state': 42, 'tol': 0.0001, 'verbose': 0}",0.03441739082336426
Coffee,4,5,5,10,LogisticRegression,HMM_GMM,9,"{'n_components': 5, 'n_mix': 1, 'covariance_type': 'diag'}",0.5516666666666666,0.45477575668311365,"{'C': 1.0, 'class_weight': None, 'dual': False, 'fit_intercept': True, 'intercept_scaling': 1, 'l1_ratio': None, 'max_iter': 100, 'multi_class': 'deprecated', 'n_jobs': None, 'penalty': 'l2', 'random_state': 42, 'solver': 'lbfgs', 'tol': 0.0001, 'verbose': 0, 'warm_start': False}",0.05526304244995117
Coffee,4,5,5,10,KNN,HMM_GMM,10,"{'n_components': 3, 'n_mix': 5, 'covariance_type': 'diag'}",0.675,0.644060625559015,"{'algorithm': 'auto', 'leaf_size': 30, 'metric': 'minkowski', 'metric_params': None, 'n_jobs': None, 'n_neighbors': 5, 'p': 2, 'weights': 'uniform'}",0.04257845878601074
Coffee,4,5,5,10,RandomForest,HMM_GMM,10,"{'n_components': 3, 'n_mix': 5, 'covariance_type': 'diag'}",0.6116666666666667,0.5736970260081046,"{'bootstrap': True, 'ccp_alpha': 0.0, 'class_weight': None, 'criterion': 'gini', 'max_depth': None, 'max_features': 'sqrt', 'max_leaf_nodes': None, 'max_samples': None, 'min_impurity_decrease': 0.0, 'min_samples_leaf': 1, 'min_samples_split': 2, 'min_weight_fraction_leaf': 0.0, 'monotonic_cst': None, 'n_estimators': 100, 'n_jobs': None, 'oob_score': False, 'random_state': 42, 'verbose': 0, 'warm_start': False}",0.6159045696258545
Coffee,4,5,5,10,LinearSVC,HMM_GMM,10,"{'n_components': 3, 'n_mix': 5, 'covariance_type': 'diag'}",0.625,0.5985722611408509,"{'C': 1.0, 'class_weight': None, 'dual': False, 'fit_intercept': True, 'intercept_scaling': 1, 'loss': 'squared_hinge', 'max_iter': 100, 'multi_class': 'ovr', 'penalty': 'l2', 'random_state': 42, 'tol': 0.0001, 'verbose': 0}",0.044745683670043945
Coffee,4,5,5,10,LogisticRegression,HMM_GMM,10,"{'n_components': 3, 'n_mix': 5, 'covariance_type': 'diag'}",0.6333333333333333,0.6156550047332704,"{'C': 1.0, 'class_weight': None, 'dual': False, 'fit_intercept': True, 'intercept_scaling': 1, 'l1_ratio': None, 'max_iter': 100, 'multi_class': 'deprecated', 'n_jobs': None, 'penalty': 'l2', 'random_state': 42, 'solver': 'lbfgs', 'tol': 0.0001, 'verbose': 0, 'warm_start': False}",0.0905921459197998
Coffee,4,5,6,1,KNN,Baseline,N/A,N/A,0.68,0.6490872956732613,"{'algorithm': 'auto', 'leaf_size': 30, 'metric': 'minkowski', 'metric_params': None, 'n_jobs': None, 'n_neighbors': 5, 'p': 2, 'weights': 'uniform'}",0.03037571907043457
Coffee,4,5,6,1,KNN,Tuned_Baseline,N/A,N/A,0.65,0.6115586326211104,"{'algorithm': 'auto', 'leaf_size': 30, 'metric': 'minkowski', 'metric_params': None, 'n_jobs': None, 'n_neighbors': np.int64(5), 'p': 3, 'weights': 'distance'}",0.027305126190185547
Coffee,4,5,6,1,RandomForest,Baseline,N/A,N/A,0.885,0.8919084361782954,"{'bootstrap': True, 'ccp_alpha': 0.0, 'class_weight': None, 'criterion': 'gini', 'max_depth': None, 'max_features': 'sqrt', 'max_leaf_nodes': None, 'max_samples': None, 'min_impurity_decrease': 0.0, 'min_samples_leaf': 1, 'min_samples_split': 2, 'min_weight_fraction_leaf': 0.0, 'monotonic_cst': None, 'n_estimators': 100, 'n_jobs': None, 'oob_score': False, 'random_state': 42, 'verbose': 0, 'warm_start': False}",0.2549009323120117
Coffee,4,5,6,1,RandomForest,Tuned_Baseline,N/A,N/A,0.88,0.8877005347593583,"{'bootstrap': True, 'ccp_alpha': 0.0, 'class_weight': 'balanced', 'criterion': 'gini', 'max_depth': 20, 'max_features': 'sqrt', 'max_leaf_nodes': None, 'max_samples': None, 'min_impurity_decrease': 0.0, 'min_samples_leaf': 2, 'min_samples_split': 20, 'min_weight_fraction_leaf': 0.0, 'monotonic_cst': None, 'n_estimators': 50, 'n_jobs': None, 'oob_score': False, 'random_state': 42, 'verbose': 0, 'warm_start': False}",0.0029878616333007812
Coffee,4,5,6,1,LinearSVC,Baseline,N/A,N/A,0.835,0.8341909334589781,"{'C': 1.0, 'class_weight': None, 'dual': False, 'fit_intercept': True, 'intercept_scaling': 1, 'loss': 'squared_hinge', 'max_iter': 100, 'multi_class': 'ovr', 'penalty': 'l2', 'random_state': 42, 'tol': 0.0001, 'verbose': 0}",0.0049381256103515625
Coffee,4,5,6,1,LinearSVC,Tuned_Baseline,N/A,N/A,0.85,0.8487299420553497,"{'C': np.float64(1.1288378916846884), 'class_weight': None, 'dual': False, 'fit_intercept': False, 'intercept_scaling': 1, 'loss': 'squared_hinge', 'max_iter': 100, 'multi_class': 'ovr', 'penalty': 'l2', 'random_state': 42, 'tol': 0.0001, 'verbose': 0}",0.0002753734588623047
Coffee,4,5,6,1,LogisticRegression,Baseline,N/A,N/A,0.9216666666666666,0.9212944266385459,"{'C': 1.0, 'class_weight': None, 'dual': False, 'fit_intercept': True, 'intercept_scaling': 1, 'l1_ratio': None, 'max_iter': 100, 'multi_class': 'deprecated', 'n_jobs': None, 'penalty': 'l2', 'random_state': 42, 'solver': 'lbfgs', 'tol': 0.0001, 'verbose': 0, 'warm_start': False}",0.02481365203857422
Coffee,4,5,6,1,LogisticRegression,Tuned_Baseline,N/A,N/A,0.9116666666666666,0.9120529545378505,"{'C': np.float64(0.4832930238571752), 'class_weight': 'balanced', 'dual': False, 'fit_intercept': True, 'intercept_scaling': 1, 'l1_ratio': None, 'max_iter': 100, 'multi_class': 'deprecated', 'n_jobs': None, 'penalty': 'l1', 'random_state': 42, 'solver': 'saga', 'tol': 0.0001, 'verbose': 0, 'warm_start': False}",0.0003457069396972656
Coffee,4,5,6,1,RNN,Tuned_Baseline,N/A,N/A,0.16666666666666666,0.047619047619047616,"{'hidden_size': 64, 'epochs': 10, 'batch_size': 32, 'lr': 0.001}",3.0279159545898438e-05
Coffee,4,5,6,2,KNN,HMM_GMM,1,"{'n_components': 2, 'n_mix': 1, 'covariance_type': 'diag'}",0.765,0.7669094958148793,"{'algorithm': 'auto', 'leaf_size': 30, 'metric': 'chebyshev', 'metric_params': None, 'n_jobs': None, 'n_neighbors': np.int64(5), 'p': 2, 'weights': 'uniform'}",0.02473139762878418
Coffee,4,5,6,2,RandomForest,HMM_GMM,1,"{'n_components': 2, 'n_mix': 1, 'covariance_type': 'diag'}",0.87,0.8784710698086072,"{'bootstrap': True, 'ccp_alpha': 0.0, 'class_weight': 'balanced', 'criterion': 'gini', 'max_depth': 20, 'max_features': 'sqrt', 'max_leaf_nodes': None, 'max_samples': None, 'min_impurity_decrease': 0.0, 'min_samples_leaf': 2, 'min_samples_split': 5, 'min_weight_fraction_leaf': 0.0, 'monotonic_cst': None, 'n_estimators': 50, 'n_jobs': None, 'oob_score': False, 'random_state': 42, 'verbose': 0, 'warm_start': False}",0.20183920860290527
Coffee,4,5,6,2,LinearSVC,HMM_GMM,1,"{'n_components': 2, 'n_mix': 1, 'covariance_type': 'diag'}",0.66,0.6473097181443929,"{'C': np.float64(0.2069138081114788), 'class_weight': None, 'dual': False, 'fit_intercept': True, 'intercept_scaling': 1, 'loss': 'squared_hinge', 'max_iter': 100, 'multi_class': 'ovr', 'penalty': 'l2', 'random_state': 42, 'tol': 0.001, 'verbose': 0}",0.0061800479888916016
Coffee,4,5,6,2,LogisticRegression,HMM_GMM,1,"{'n_components': 2, 'n_mix': 1, 'covariance_type': 'diag'}",0.7,0.7061527850539145,"{'C': np.float64(0.4832930238571752), 'class_weight': 'balanced', 'dual': False, 'fit_intercept': True, 'intercept_scaling': 1, 'l1_ratio': None, 'max_iter': 100, 'multi_class': 'deprecated', 'n_jobs': None, 'penalty': 'l1', 'random_state': 42, 'solver': 'saga', 'tol': 0.0001, 'verbose': 0, 'warm_start': False}",0.06980180740356445
Coffee,4,5,6,2,KNN,HMM_GMM,2,"{'n_components': 2, 'n_mix': 4, 'covariance_type': 'tied'}",0.6666666666666666,0.6457531539498752,"{'algorithm': 'auto', 'leaf_size': 30, 'metric': 'euclidean', 'metric_params': None, 'n_jobs': None, 'n_neighbors': np.int64(9), 'p': 2, 'weights': 'distance'}",0.010135173797607422
Coffee,4,5,6,2,RandomForest,HMM_GMM,2,"{'n_components': 2, 'n_mix': 4, 'covariance_type': 'tied'}",0.8516666666666667,0.8572325812592061,"{'bootstrap': True, 'ccp_alpha': 0.0, 'class_weight': 'balanced', 'criterion': 'gini', 'max_depth': 20, 'max_features': 'sqrt', 'max_leaf_nodes': None, 'max_samples': None, 'min_impurity_decrease': 0.0, 'min_samples_leaf': 2, 'min_samples_split': 5, 'min_weight_fraction_leaf': 0.0, 'monotonic_cst': None, 'n_estimators': 50, 'n_jobs': None, 'oob_score': False, 'random_state': 42, 'verbose': 0, 'warm_start': False}",0.4677731990814209
Coffee,4,5,6,2,LinearSVC,HMM_GMM,2,"{'n_components': 2, 'n_mix': 4, 'covariance_type': 'tied'}",0.9283333333333333,0.9286103120516869,"{'C': np.float64(33.59818286283781), 'class_weight': 'balanced', 'dual': False, 'fit_intercept': True, 'intercept_scaling': 1, 'loss': 'squared_hinge', 'max_iter': 100, 'multi_class': 'ovr', 'penalty': 'l1', 'random_state': 42, 'tol': 0.0001, 'verbose': 0}",0.025588274002075195
Coffee,4,5,6,2,LogisticRegression,HMM_GMM,2,"{'n_components': 2, 'n_mix': 4, 'covariance_type': 'tied'}",0.8466666666666667,0.8469066550692459,"{'C': np.float64(1000.0), 'class_weight': 'balanced', 'dual': False, 'fit_intercept': True, 'intercept_scaling': 1, 'l1_ratio': None, 'max_iter': 100, 'multi_class': 'deprecated', 'n_jobs': None, 'penalty': 'l2', 'random_state': 42, 'solver': 'sag', 'tol': 0.0001, 'verbose': 0, 'warm_start': False}",0.07311797142028809
Coffee,4,5,6,2,KNN,HMM_GMM,3,"{'n_components': 1, 'n_mix': 3, 'covariance_type': 'diag'}",0.725,0.7087411308609465,"{'algorithm': 'auto', 'leaf_size': 30, 'metric': 'euclidean', 'metric_params': None, 'n_jobs': None, 'n_neighbors': np.int64(9), 'p': 2, 'weights': 'distance'}",0.013434410095214844
Coffee,4,5,6,2,RandomForest,HMM_GMM,3,"{'n_components': 1, 'n_mix': 3, 'covariance_type': 'diag'}",0.8766666666666667,0.8802127163012776,"{'bootstrap': True, 'ccp_alpha': 0.0, 'class_weight': 'balanced', 'criterion': 'gini', 'max_depth': 30, 'max_features': 'sqrt', 'max_leaf_nodes': None, 'max_samples': None, 'min_impurity_decrease': 0.0, 'min_samples_leaf': 1, 'min_samples_split': 2, 'min_weight_fraction_leaf': 0.0, 'monotonic_cst': None, 'n_estimators': 150, 'n_jobs': None, 'oob_score': False, 'random_state': 42, 'verbose': 0, 'warm_start': False}",0.6323363780975342
Coffee,4,5,6,2,LinearSVC,HMM_GMM,3,"{'n_components': 1, 'n_mix': 3, 'covariance_type': 'diag'}",0.845,0.8536599824833971,"{'C': np.float64(0.2069138081114788), 'class_weight': 'balanced', 'dual': False, 'fit_intercept': False, 'intercept_scaling': 1, 'loss': 'squared_hinge', 'max_iter': 100, 'multi_class': 'ovr', 'penalty': 'l2', 'random_state': 42, 'tol': 0.0001, 'verbose': 0}",0.009297609329223633
Coffee,4,5,6,2,LogisticRegression,HMM_GMM,3,"{'n_components': 1, 'n_mix': 3, 'covariance_type': 'diag'}",0.6666666666666666,0.6650331295725225,"{'C': np.float64(2.6366508987303554), 'class_weight': 'balanced', 'dual': False, 'fit_intercept': True, 'intercept_scaling': 1, 'l1_ratio': None, 'max_iter': 100, 'multi_class': 'deprecated', 'n_jobs': None, 'penalty': 'l1', 'random_state': 42, 'solver': 'saga', 'tol': 0.0001, 'verbose': 0, 'warm_start': False}",0.09100055694580078
Coffee,4,5,6,2,KNN,HMM_GMM,4,"{'n_components': 4, 'n_mix': 3, 'covariance_type': 'diag'}",0.6533333333333333,0.6299229897361355,"{'algorithm': 'auto', 'leaf_size': 30, 'metric': 'euclidean', 'metric_params': None, 'n_jobs': None, 'n_neighbors': np.int64(9), 'p': 2, 'weights': 'distance'}",0.011255264282226562
Coffee,4,5,6,2,RandomForest,HMM_GMM,4,"{'n_components': 4, 'n_mix': 3, 'covariance_type': 'diag'}",0.8916666666666667,0.8980170408492127,"{'bootstrap': True, 'ccp_alpha': 0.0, 'class_weight': 'balanced', 'criterion': 'gini', 'max_depth': 10, 'max_features': 'sqrt', 'max_leaf_nodes': None, 'max_samples': None, 'min_impurity_decrease': 0.0, 'min_samples_leaf': 1, 'min_samples_split': 5, 'min_weight_fraction_leaf': 0.0, 'monotonic_cst': None, 'n_estimators': 50, 'n_jobs': None, 'oob_score': False, 'random_state': 42, 'verbose': 0, 'warm_start': False}",0.17720270156860352
Coffee,4,5,6,2,LinearSVC,HMM_GMM,4,"{'n_components': 4, 'n_mix': 3, 'covariance_type': 'diag'}",0.9433333333333334,0.943596354849163,"{'C': np.float64(0.2069138081114788), 'class_weight': 'balanced', 'dual': False, 'fit_intercept': False, 'intercept_scaling': 1, 'loss': 'squared_hinge', 'max_iter': 100, 'multi_class': 'ovr', 'penalty': 'l2', 'random_state': 42, 'tol': 0.0001, 'verbose': 0}",0.008078813552856445
Coffee,4,5,6,2,LogisticRegression,HMM_GMM,4,"{'n_components': 4, 'n_mix': 3, 'covariance_type': 'diag'}",0.815,0.823397313898009,"{'C': np.float64(0.4832930238571752), 'class_weight': 'balanced', 'dual': False, 'fit_intercept': True, 'intercept_scaling': 1, 'l1_ratio': None, 'max_iter': 100, 'multi_class': 'deprecated', 'n_jobs': None, 'penalty': 'l1', 'random_state': 42, 'solver': 'saga', 'tol': 0.0001, 'verbose': 0, 'warm_start': False}",0.0928032398223877
Coffee,4,5,6,2,KNN,HMM_GMM,5,"{'n_components': 1, 'n_mix': 1, 'covariance_type': 'tied'}",0.6733333333333333,0.664760692213545,"{'algorithm': 'auto', 'leaf_size': 30, 'metric': 'chebyshev', 'metric_params': None, 'n_jobs': None, 'n_neighbors': np.int64(5), 'p': 2, 'weights': 'uniform'}",0.05504894256591797
Coffee,4,5,6,2,RandomForest,HMM_GMM,5,"{'n_components': 1, 'n_mix': 1, 'covariance_type': 'tied'}",0.7183333333333334,0.7236256744531219,"{'bootstrap': True, 'ccp_alpha': 0.0, 'class_weight': 'balanced', 'criterion': 'gini', 'max_depth': None, 'max_features': 'sqrt', 'max_leaf_nodes': None, 'max_samples': None, 'min_impurity_decrease': 0.0, 'min_samples_leaf': 2, 'min_samples_split': 2, 'min_weight_fraction_leaf': 0.0, 'monotonic_cst': None, 'n_estimators': 150, 'n_jobs': None, 'oob_score': False, 'random_state': 42, 'verbose': 0, 'warm_start': False}",0.6934423446655273
Coffee,4,5,6,2,LinearSVC,HMM_GMM,5,"{'n_components': 1, 'n_mix': 1, 'covariance_type': 'tied'}",0.9266666666666666,0.9266038228395276,"{'C': np.float64(1000.0), 'class_weight': 'balanced', 'dual': False, 'fit_intercept': True, 'intercept_scaling': 1, 'loss': 'squared_hinge', 'max_iter': 100, 'multi_class': 'ovr', 'penalty': 'l2', 'random_state': 42, 'tol': 0.001, 'verbose': 0}",0.010761499404907227
Coffee,4,5,6,2,LogisticRegression,HMM_GMM,5,"{'n_components': 1, 'n_mix': 1, 'covariance_type': 'tied'}",0.9,0.9003698894807974,"{'C': np.float64(1000.0), 'class_weight': 'balanced', 'dual': False, 'fit_intercept': True, 'intercept_scaling': 1, 'l1_ratio': None, 'max_iter': 100, 'multi_class': 'deprecated', 'n_jobs': None, 'penalty': 'l2', 'random_state': 42, 'solver': 'sag', 'tol': 0.0001, 'verbose': 0, 'warm_start': False}",0.06837177276611328
Coffee,4,5,6,2,KNN,HMM_GMM,6,"{'n_components': 4, 'n_mix': 3, 'covariance_type': 'diag'}",0.6533333333333333,0.6299229897361355,"{'algorithm': 'auto', 'leaf_size': 30, 'metric': 'euclidean', 'metric_params': None, 'n_jobs': None, 'n_neighbors': np.int64(9), 'p': 2, 'weights': 'distance'}",0.009919166564941406
Coffee,4,5,6,2,RandomForest,HMM_GMM,6,"{'n_components': 4, 'n_mix': 3, 'covariance_type': 'diag'}",0.8916666666666667,0.8980170408492127,"{'bootstrap': True, 'ccp_alpha': 0.0, 'class_weight': 'balanced', 'criterion': 'gini', 'max_depth': 10, 'max_features': 'sqrt', 'max_leaf_nodes': None, 'max_samples': None, 'min_impurity_decrease': 0.0, 'min_samples_leaf': 1, 'min_samples_split': 5, 'min_weight_fraction_leaf': 0.0, 'monotonic_cst': None, 'n_estimators': 50, 'n_jobs': None, 'oob_score': False, 'random_state': 42, 'verbose': 0, 'warm_start': False}",0.21274280548095703
Coffee,4,5,6,2,LinearSVC,HMM_GMM,6,"{'n_components': 4, 'n_mix': 3, 'covariance_type': 'diag'}",0.9433333333333334,0.943596354849163,"{'C': np.float64(0.2069138081114788), 'class_weight': 'balanced', 'dual': False, 'fit_intercept': False, 'intercept_scaling': 1, 'loss': 'squared_hinge', 'max_iter': 100, 'multi_class': 'ovr', 'penalty': 'l2', 'random_state': 42, 'tol': 0.0001, 'verbose': 0}",0.007949352264404297
Coffee,4,5,6,2,LogisticRegression,HMM_GMM,6,"{'n_components': 4, 'n_mix': 3, 'covariance_type': 'diag'}",0.815,0.823397313898009,"{'C': np.float64(0.4832930238571752), 'class_weight': 'balanced', 'dual': False, 'fit_intercept': True, 'intercept_scaling': 1, 'l1_ratio': None, 'max_iter': 100, 'multi_class': 'deprecated', 'n_jobs': None, 'penalty': 'l1', 'random_state': 42, 'solver': 'saga', 'tol': 0.0001, 'verbose': 0, 'warm_start': False}",0.10776233673095703
Coffee,4,5,6,2,KNN,HMM_GMM,7,"{'n_components': 2, 'n_mix': 5, 'covariance_type': 'diag'}",0.6516666666666666,0.6108669203489425,"{'algorithm': 'auto', 'leaf_size': 30, 'metric': 'euclidean', 'metric_params': None, 'n_jobs': None, 'n_neighbors': np.int64(9), 'p': 2, 'weights': 'distance'}",0.01162266731262207
Coffee,4,5,6,2,RandomForest,HMM_GMM,7,"{'n_components': 2, 'n_mix': 5, 'covariance_type': 'diag'}",0.8816666666666667,0.8888511177888555,"{'bootstrap': True, 'ccp_alpha': 0.0, 'class_weight': 'balanced', 'criterion': 'gini', 'max_depth': None, 'max_features': 'sqrt', 'max_leaf_nodes': None, 'max_samples': None, 'min_impurity_decrease': 0.0, 'min_samples_leaf': 1, 'min_samples_split': 2, 'min_weight_fraction_leaf': 0.0, 'monotonic_cst': None, 'n_estimators': 50, 'n_jobs': None, 'oob_score': False, 'random_state': 42, 'verbose': 0, 'warm_start': False}",0.18403100967407227
Coffee,4,5,6,2,LinearSVC,HMM_GMM,7,"{'n_components': 2, 'n_mix': 5, 'covariance_type': 'diag'}",0.6966666666666667,0.6919615938528991,"{'C': np.float64(183.29807108324337), 'class_weight': 'balanced', 'dual': False, 'fit_intercept': True, 'intercept_scaling': 1, 'loss': 'squared_hinge', 'max_iter': 100, 'multi_class': 'ovr', 'penalty': 'l1', 'random_state': 42, 'tol': 0.0001, 'verbose': 0}",0.024857759475708008
Coffee,4,5,6,2,LogisticRegression,HMM_GMM,7,"{'n_components': 2, 'n_mix': 5, 'covariance_type': 'diag'}",0.7083333333333334,0.7085688958928397,"{'C': np.float64(33.59818286283781), 'class_weight': 'balanced', 'dual': False, 'fit_intercept': True, 'intercept_scaling': 1, 'l1_ratio': None, 'max_iter': 100, 'multi_class': 'deprecated', 'n_jobs': None, 'penalty': 'l2', 'random_state': 42, 'solver': 'saga', 'tol': 0.0001, 'verbose': 0, 'warm_start': False}",0.07940936088562012
Coffee,4,5,6,2,KNN,HMM_GMM,8,"{'n_components': 1, 'n_mix': 3, 'covariance_type': 'full'}",0.7116666666666667,0.7001686534995415,"{'algorithm': 'auto', 'leaf_size': 30, 'metric': 'euclidean', 'metric_params': None, 'n_jobs': None, 'n_neighbors': np.int64(9), 'p': 2, 'weights': 'distance'}",0.010476350784301758
Coffee,4,5,6,2,RandomForest,HMM_GMM,8,"{'n_components': 1, 'n_mix': 3, 'covariance_type': 'full'}",0.7383333333333333,0.7299343886740186,"{'bootstrap': True, 'ccp_alpha': 0.0, 'class_weight': 'balanced', 'criterion': 'gini', 'max_depth': None, 'max_features': 'sqrt', 'max_leaf_nodes': None, 'max_samples': None, 'min_impurity_decrease': 0.0, 'min_samples_leaf': 2, 'min_samples_split': 2, 'min_weight_fraction_leaf': 0.0, 'monotonic_cst': None, 'n_estimators': 150, 'n_jobs': None, 'oob_score': False, 'random_state': 42, 'verbose': 0, 'warm_start': False}",0.7100174427032471
Coffee,4,5,6,2,LinearSVC,HMM_GMM,8,"{'n_components': 1, 'n_mix': 3, 'covariance_type': 'full'}",0.8333333333333334,0.8325639979312734,"{'C': np.float64(33.59818286283781), 'class_weight': 'balanced', 'dual': False, 'fit_intercept': True, 'intercept_scaling': 1, 'loss': 'squared_hinge', 'max_iter': 100, 'multi_class': 'ovr', 'penalty': 'l1', 'random_state': 42, 'tol': 0.001, 'verbose': 0}",0.027569293975830078
Coffee,4,5,6,2,LogisticRegression,HMM_GMM,8,"{'n_components': 1, 'n_mix': 3, 'covariance_type': 'full'}",0.8333333333333334,0.8343033237633171,"{'C': np.float64(1000.0), 'class_weight': 'balanced', 'dual': False, 'fit_intercept': True, 'intercept_scaling': 1, 'l1_ratio': None, 'max_iter': 100, 'multi_class': 'deprecated', 'n_jobs': None, 'penalty': 'l2', 'random_state': 42, 'solver': 'sag', 'tol': 0.0001, 'verbose': 0, 'warm_start': False}",0.07363200187683105
Coffee,4,5,6,2,KNN,HMM_GMM,9,"{'n_components': 5, 'n_mix': 1, 'covariance_type': 'diag'}",0.7216666666666667,0.723283195477331,"{'algorithm': 'auto', 'leaf_size': 30, 'metric': 'chebyshev', 'metric_params': None, 'n_jobs': None, 'n_neighbors': np.int64(5), 'p': 2, 'weights': 'uniform'}",0.030368328094482422
Coffee,4,5,6,2,RandomForest,HMM_GMM,9,"{'n_components': 5, 'n_mix': 1, 'covariance_type': 'diag'}",0.86,0.8676212604538045,"{'bootstrap': True, 'ccp_alpha': 0.0, 'class_weight': 'balanced', 'criterion': 'gini', 'max_depth': None, 'max_features': 'sqrt', 'max_leaf_nodes': None, 'max_samples': None, 'min_impurity_decrease': 0.0, 'min_samples_leaf': 1, 'min_samples_split': 20, 'min_weight_fraction_leaf': 0.0, 'monotonic_cst': None, 'n_estimators': 150, 'n_jobs': None, 'oob_score': False, 'random_state': 42, 'verbose': 0, 'warm_start': False}",0.5864391326904297
Coffee,4,5,6,2,LinearSVC,HMM_GMM,9,"{'n_components': 5, 'n_mix': 1, 'covariance_type': 'diag'}",0.7016666666666667,0.6990216019806318,"{'C': np.float64(2.6366508987303554), 'class_weight': 'balanced', 'dual': False, 'fit_intercept': True, 'intercept_scaling': 1, 'loss': 'squared_hinge', 'max_iter': 100, 'multi_class': 'ovr', 'penalty': 'l1', 'random_state': 42, 'tol': 0.0001, 'verbose': 0}",0.019893169403076172
Coffee,4,5,6,2,LogisticRegression,HMM_GMM,9,"{'n_components': 5, 'n_mix': 1, 'covariance_type': 'diag'}",0.74,0.747962995703074,"{'C': np.float64(33.59818286283781), 'class_weight': None, 'dual': False, 'fit_intercept': True, 'intercept_scaling': 1, 'l1_ratio': None, 'max_iter': 100, 'multi_class': 'deprecated', 'n_jobs': None, 'penalty': 'l2', 'random_state': 42, 'solver': 'saga', 'tol': 0.0001, 'verbose': 0, 'warm_start': False}",0.01946258544921875
Coffee,4,5,6,2,KNN,HMM_GMM,10,"{'n_components': 3, 'n_mix': 5, 'covariance_type': 'diag'}",0.645,0.6098618886762888,"{'algorithm': 'auto', 'leaf_size': 30, 'metric': 'chebyshev', 'metric_params': None, 'n_jobs': None, 'n_neighbors': np.int64(5), 'p': 2, 'weights': 'uniform'}",0.02765965461730957
Coffee,4,5,6,2,RandomForest,HMM_GMM,10,"{'n_components': 3, 'n_mix': 5, 'covariance_type': 'diag'}",0.9183333333333333,0.9227375321005741,"{'bootstrap': True, 'ccp_alpha': 0.0, 'class_weight': 'balanced', 'criterion': 'gini', 'max_depth': None, 'max_features': 'sqrt', 'max_leaf_nodes': None, 'max_samples': None, 'min_impurity_decrease': 0.0, 'min_samples_leaf': 2, 'min_samples_split': 2, 'min_weight_fraction_leaf': 0.0, 'monotonic_cst': None, 'n_estimators': 150, 'n_jobs': None, 'oob_score': False, 'random_state': 42, 'verbose': 0, 'warm_start': False}",0.5448753833770752
Coffee,4,5,6,2,LinearSVC,HMM_GMM,10,"{'n_components': 3, 'n_mix': 5, 'covariance_type': 'diag'}",0.8483333333333334,0.8517093881694535,"{'C': np.float64(0.4832930238571752), 'class_weight': None, 'dual': False, 'fit_intercept': True, 'intercept_scaling': 1, 'loss': 'squared_hinge', 'max_iter': 100, 'multi_class': 'ovr', 'penalty': 'l1', 'random_state': 42, 'tol': 0.0001, 'verbose': 0}",0.021973133087158203
Coffee,4,5,6,2,LogisticRegression,HMM_GMM,10,"{'n_components': 3, 'n_mix': 5, 'covariance_type': 'diag'}",0.7366666666666667,0.7390714437268603,"{'C': np.float64(0.4832930238571752), 'class_weight': 'balanced', 'dual': False, 'fit_intercept': True, 'intercept_scaling': 1, 'l1_ratio': None, 'max_iter': 100, 'multi_class': 'deprecated', 'n_jobs': None, 'penalty': 'l1', 'random_state': 42, 'solver': 'saga', 'tol': 0.0001, 'verbose': 0, 'warm_start': False}",0.07895946502685547
Coffee,4,5,6,3,KNN,HMM_GMM,1,"{'n_components': 2, 'n_mix': 1, 'covariance_type': 'diag'}",0.765,0.7669094958148793,"{'algorithm': 'auto', 'leaf_size': 30, 'metric': 'chebyshev', 'metric_params': None, 'n_jobs': None, 'n_neighbors': np.int64(5), 'p': 2, 'weights': 'uniform'}",0.0266568660736084
Coffee,4,5,6,3,RandomForest,HMM_GMM,1,"{'n_components': 2, 'n_mix': 1, 'covariance_type': 'diag'}",0.87,0.8785247663937813,"{'bootstrap': True, 'ccp_alpha': 0.0, 'class_weight': 'balanced', 'criterion': 'gini', 'max_depth': None, 'max_features': 'sqrt', 'max_leaf_nodes': None, 'max_samples': None, 'min_impurity_decrease': 0.0, 'min_samples_leaf': 2, 'min_samples_split': 2, 'min_weight_fraction_leaf': 0.0, 'monotonic_cst': None, 'n_estimators': 150, 'n_jobs': None, 'oob_score': False, 'random_state': 42, 'verbose': 0, 'warm_start': False}",0.6611218452453613
Coffee,4,5,6,3,LinearSVC,HMM_GMM,1,"{'n_components': 2, 'n_mix': 1, 'covariance_type': 'diag'}",0.6383333333333333,0.623312979730339,"{'C': np.float64(1000.0), 'class_weight': 'balanced', 'dual': False, 'fit_intercept': True, 'intercept_scaling': 1, 'loss': 'squared_hinge', 'max_iter': 100, 'multi_class': 'ovr', 'penalty': 'l2', 'random_state': 42, 'tol': 0.001, 'verbose': 0}",0.009886980056762695
Coffee,4,5,6,3,LogisticRegression,HMM_GMM,1,"{'n_components': 2, 'n_mix': 1, 'covariance_type': 'diag'}",0.695,0.7044442248140702,"{'C': np.float64(33.59818286283781), 'class_weight': None, 'dual': False, 'fit_intercept': True, 'intercept_scaling': 1, 'l1_ratio': None, 'max_iter': 100, 'multi_class': 'deprecated', 'n_jobs': None, 'penalty': 'l2', 'random_state': 42, 'solver': 'saga', 'tol': 0.0001, 'verbose': 0, 'warm_start': False}",0.029836416244506836
Coffee,4,5,6,3,KNN,HMM_GMM,2,"{'n_components': 2, 'n_mix': 4, 'covariance_type': 'tied'}",0.6666666666666666,0.6457531539498752,"{'algorithm': 'auto', 'leaf_size': 30, 'metric': 'euclidean', 'metric_params': None, 'n_jobs': None, 'n_neighbors': np.int64(9), 'p': 2, 'weights': 'distance'}",0.012282371520996094
Coffee,4,5,6,3,RandomForest,HMM_GMM,2,"{'n_components': 2, 'n_mix': 4, 'covariance_type': 'tied'}",0.855,0.8622358653618544,"{'bootstrap': True, 'ccp_alpha': 0.0, 'class_weight': 'balanced', 'criterion': 'gini', 'max_depth': None, 'max_features': 'sqrt', 'max_leaf_nodes': None, 'max_samples': None, 'min_impurity_decrease': 0.0, 'min_samples_leaf': 1, 'min_samples_split': 2, 'min_weight_fraction_leaf': 0.0, 'monotonic_cst': None, 'n_estimators': 50, 'n_jobs': None, 'oob_score': False, 'random_state': 42, 'verbose': 0, 'warm_start': False}",0.1980602741241455
Coffee,4,5,6,3,LinearSVC,HMM_GMM,2,"{'n_components': 2, 'n_mix': 4, 'covariance_type': 'tied'}",0.93,0.9300664021488662,"{'C': np.float64(183.29807108324337), 'class_weight': 'balanced', 'dual': False, 'fit_intercept': True, 'intercept_scaling': 1, 'loss': 'squared_hinge', 'max_iter': 100, 'multi_class': 'ovr', 'penalty': 'l1', 'random_state': 42, 'tol': 0.0001, 'verbose': 0}",0.033803701400756836
Coffee,4,5,6,3,LogisticRegression,HMM_GMM,2,"{'n_components': 2, 'n_mix': 4, 'covariance_type': 'tied'}",0.9266666666666666,0.9266310464750166,"{'C': np.float64(0.2069138081114788), 'class_weight': 'balanced', 'dual': False, 'fit_intercept': False, 'intercept_scaling': 1, 'l1_ratio': None, 'max_iter': 100, 'multi_class': 'deprecated', 'n_jobs': None, 'penalty': 'l2', 'random_state': 42, 'solver': 'lbfgs', 'tol': 0.0001, 'verbose': 0, 'warm_start': False}",0.03596687316894531
Coffee,4,5,6,3,KNN,HMM_GMM,3,"{'n_components': 1, 'n_mix': 3, 'covariance_type': 'diag'}",0.705,0.6813432196779857,"{'algorithm': 'auto', 'leaf_size': 30, 'metric': 'chebyshev', 'metric_params': None, 'n_jobs': None, 'n_neighbors': np.int64(5), 'p': 2, 'weights': 'uniform'}",0.034967660903930664
Coffee,4,5,6,3,RandomForest,HMM_GMM,3,"{'n_components': 1, 'n_mix': 3, 'covariance_type': 'diag'}",0.8583333333333333,0.8625381497940491,"{'bootstrap': True, 'ccp_alpha': 0.0, 'class_weight': 'balanced', 'criterion': 'gini', 'max_depth': None, 'max_features': 'sqrt', 'max_leaf_nodes': None, 'max_samples': None, 'min_impurity_decrease': 0.0, 'min_samples_leaf': 1, 'min_samples_split': 2, 'min_weight_fraction_leaf': 0.0, 'monotonic_cst': None, 'n_estimators': 50, 'n_jobs': None, 'oob_score': False, 'random_state': 42, 'verbose': 0, 'warm_start': False}",0.2596457004547119
Coffee,4,5,6,3,LinearSVC,HMM_GMM,3,"{'n_components': 1, 'n_mix': 3, 'covariance_type': 'diag'}",0.735,0.7440591832861339,"{'C': np.float64(0.2069138081114788), 'class_weight': 'balanced', 'dual': False, 'fit_intercept': False, 'intercept_scaling': 1, 'loss': 'squared_hinge', 'max_iter': 100, 'multi_class': 'ovr', 'penalty': 'l2', 'random_state': 42, 'tol': 0.0001, 'verbose': 0}",0.013198375701904297
Coffee,4,5,6,3,LogisticRegression,HMM_GMM,3,"{'n_components': 1, 'n_mix': 3, 'covariance_type': 'diag'}",0.6616666666666666,0.6587704640807446,"{'C': np.float64(0.4832930238571752), 'class_weight': 'balanced', 'dual': False, 'fit_intercept': True, 'intercept_scaling': 1, 'l1_ratio': None, 'max_iter': 100, 'multi_class': 'deprecated', 'n_jobs': None, 'penalty': 'l2', 'random_state': 42, 'solver': 'lbfgs', 'tol': 0.0001, 'verbose': 0, 'warm_start': False}",0.03463912010192871
Coffee,4,5,6,3,KNN,HMM_GMM,4,"{'n_components': 4, 'n_mix': 3, 'covariance_type': 'diag'}",0.6083333333333333,0.5906266644805672,"{'algorithm': 'auto', 'leaf_size': 30, 'metric': 'minkowski', 'metric_params': None, 'n_jobs': None, 'n_neighbors': np.int64(13), 'p': 4, 'weights': 'distance'}",0.0443575382232666
Coffee,4,5,6,3,RandomForest,HMM_GMM,4,"{'n_components': 4, 'n_mix': 3, 'covariance_type': 'diag'}",0.91,0.9151163796833088,"{'bootstrap': True, 'ccp_alpha': 0.0, 'class_weight': 'balanced', 'criterion': 'gini', 'max_depth': None, 'max_features': 'sqrt', 'max_leaf_nodes': None, 'max_samples': None, 'min_impurity_decrease': 0.0, 'min_samples_leaf': 2, 'min_samples_split': 2, 'min_weight_fraction_leaf': 0.0, 'monotonic_cst': None, 'n_estimators': 150, 'n_jobs': None, 'oob_score': False, 'random_state': 42, 'verbose': 0, 'warm_start': False}",0.5779931545257568
Coffee,4,5,6,3,LinearSVC,HMM_GMM,4,"{'n_components': 4, 'n_mix': 3, 'covariance_type': 'diag'}",0.9033333333333333,0.9051160044606334,"{'C': np.float64(2.6366508987303554), 'class_weight': 'balanced', 'dual': False, 'fit_intercept': True, 'intercept_scaling': 1, 'loss': 'squared_hinge', 'max_iter': 100, 'multi_class': 'ovr', 'penalty': 'l1', 'random_state': 42, 'tol': 0.0001, 'verbose': 0}",0.03242158889770508
Coffee,4,5,6,3,LogisticRegression,HMM_GMM,4,"{'n_components': 4, 'n_mix': 3, 'covariance_type': 'diag'}",0.7416666666666667,0.7494296902131304,"{'C': np.float64(2.6366508987303554), 'class_weight': 'balanced', 'dual': False, 'fit_intercept': True, 'intercept_scaling': 1, 'l1_ratio': None, 'max_iter': 100, 'multi_class': 'deprecated', 'n_jobs': None, 'penalty': 'l1', 'random_state': 42, 'solver': 'saga', 'tol': 0.0001, 'verbose': 0, 'warm_start': False}",0.13860869407653809
Coffee,4,5,6,3,KNN,HMM_GMM,5,"{'n_components': 1, 'n_mix': 1, 'covariance_type': 'tied'}",0.6766666666666666,0.66870178756861,"{'algorithm': 'auto', 'leaf_size': 30, 'metric': 'minkowski', 'metric_params': None, 'n_jobs': None, 'n_neighbors': np.int64(13), 'p': 4, 'weights': 'distance'}",0.04056978225708008
Coffee,4,5,6,3,RandomForest,HMM_GMM,5,"{'n_components': 1, 'n_mix': 1, 'covariance_type': 'tied'}",0.7083333333333334,0.7122976848040787,"{'bootstrap': True, 'ccp_alpha': 0.0, 'class_weight': 'balanced', 'criterion': 'gini', 'max_depth': None, 'max_features': 'sqrt', 'max_leaf_nodes': None, 'max_samples': None, 'min_impurity_decrease': 0.0, 'min_samples_leaf': 1, 'min_samples_split': 2, 'min_weight_fraction_leaf': 0.0, 'monotonic_cst': None, 'n_estimators': 50, 'n_jobs': None, 'oob_score': False, 'random_state': 42, 'verbose': 0, 'warm_start': False}",0.21798920631408691
Coffee,4,5,6,3,LinearSVC,HMM_GMM,5,"{'n_components': 1, 'n_mix': 1, 'covariance_type': 'tied'}",0.93,0.9302803396778034,"{'C': np.float64(183.29807108324337), 'class_weight': 'balanced', 'dual': False, 'fit_intercept': True, 'intercept_scaling': 1, 'loss': 'squared_hinge', 'max_iter': 100, 'multi_class': 'ovr', 'penalty': 'l1', 'random_state': 42, 'tol': 0.0001, 'verbose': 0}",0.03567028045654297
Coffee,4,5,6,3,LogisticRegression,HMM_GMM,5,"{'n_components': 1, 'n_mix': 1, 'covariance_type': 'tied'}",0.9116666666666666,0.9119480669176411,"{'C': np.float64(33.59818286283781), 'class_weight': 'balanced', 'dual': False, 'fit_intercept': True, 'intercept_scaling': 1, 'l1_ratio': None, 'max_iter': 100, 'multi_class': 'deprecated', 'n_jobs': None, 'penalty': 'l2', 'random_state': 42, 'solver': 'saga', 'tol': 0.0001, 'verbose': 0, 'warm_start': False}",0.14025139808654785
Coffee,4,5,6,3,KNN,HMM_GMM,6,"{'n_components': 4, 'n_mix': 3, 'covariance_type': 'diag'}",0.6083333333333333,0.5906266644805672,"{'algorithm': 'auto', 'leaf_size': 30, 'metric': 'minkowski', 'metric_params': None, 'n_jobs': None, 'n_neighbors': np.int64(13), 'p': 4, 'weights': 'distance'}",0.04361677169799805
Coffee,4,5,6,3,RandomForest,HMM_GMM,6,"{'n_components': 4, 'n_mix': 3, 'covariance_type': 'diag'}",0.91,0.9151163796833088,"{'bootstrap': True, 'ccp_alpha': 0.0, 'class_weight': 'balanced', 'criterion': 'gini', 'max_depth': None, 'max_features': 'sqrt', 'max_leaf_nodes': None, 'max_samples': None, 'min_impurity_decrease': 0.0, 'min_samples_leaf': 2, 'min_samples_split': 2, 'min_weight_fraction_leaf': 0.0, 'monotonic_cst': None, 'n_estimators': 150, 'n_jobs': None, 'oob_score': False, 'random_state': 42, 'verbose': 0, 'warm_start': False}",0.6067895889282227
Coffee,4,5,6,3,LinearSVC,HMM_GMM,6,"{'n_components': 4, 'n_mix': 3, 'covariance_type': 'diag'}",0.9033333333333333,0.9051160044606334,"{'C': np.float64(2.6366508987303554), 'class_weight': 'balanced', 'dual': False, 'fit_intercept': True, 'intercept_scaling': 1, 'loss': 'squared_hinge', 'max_iter': 100, 'multi_class': 'ovr', 'penalty': 'l1', 'random_state': 42, 'tol': 0.0001, 'verbose': 0}",0.04367995262145996
Coffee,4,5,6,3,LogisticRegression,HMM_GMM,6,"{'n_components': 4, 'n_mix': 3, 'covariance_type': 'diag'}",0.7416666666666667,0.7494296902131304,"{'C': np.float64(2.6366508987303554), 'class_weight': 'balanced', 'dual': False, 'fit_intercept': True, 'intercept_scaling': 1, 'l1_ratio': None, 'max_iter': 100, 'multi_class': 'deprecated', 'n_jobs': None, 'penalty': 'l1', 'random_state': 42, 'solver': 'saga', 'tol': 0.0001, 'verbose': 0, 'warm_start': False}",0.1683957576751709
Coffee,4,5,6,3,KNN,HMM_GMM,7,"{'n_components': 2, 'n_mix': 5, 'covariance_type': 'diag'}",0.6533333333333333,0.6131324935005917,"{'algorithm': 'auto', 'leaf_size': 30, 'metric': 'euclidean', 'metric_params': None, 'n_jobs': None, 'n_neighbors': np.int64(9), 'p': 2, 'weights': 'distance'}",0.013597488403320312
Coffee,4,5,6,3,RandomForest,HMM_GMM,7,"{'n_components': 2, 'n_mix': 5, 'covariance_type': 'diag'}",0.8766666666666667,0.8842599949149167,"{'bootstrap': True, 'ccp_alpha': 0.0, 'class_weight': 'balanced', 'criterion': 'gini', 'max_depth': 30, 'max_features': 'sqrt', 'max_leaf_nodes': None, 'max_samples': None, 'min_impurity_decrease': 0.0, 'min_samples_leaf': 1, 'min_samples_split': 2, 'min_weight_fraction_leaf': 0.0, 'monotonic_cst': None, 'n_estimators': 150, 'n_jobs': None, 'oob_score': False, 'random_state': 42, 'verbose': 0, 'warm_start': False}",0.6464221477508545
Coffee,4,5,6,3,LinearSVC,HMM_GMM,7,"{'n_components': 2, 'n_mix': 5, 'covariance_type': 'diag'}",0.6816666666666666,0.6735139249999222,"{'C': np.float64(1000.0), 'class_weight': 'balanced', 'dual': False, 'fit_intercept': True, 'intercept_scaling': 1, 'loss': 'squared_hinge', 'max_iter': 100, 'multi_class': 'ovr', 'penalty': 'l2', 'random_state': 42, 'tol': 0.001, 'verbose': 0}",0.009769201278686523
Coffee,4,5,6,3,LogisticRegression,HMM_GMM,7,"{'n_components': 2, 'n_mix': 5, 'covariance_type': 'diag'}",0.7016666666666667,0.7009180856829554,"{'C': np.float64(0.4832930238571752), 'class_weight': 'balanced', 'dual': False, 'fit_intercept': True, 'intercept_scaling': 1, 'l1_ratio': None, 'max_iter': 100, 'multi_class': 'deprecated', 'n_jobs': None, 'penalty': 'l2', 'random_state': 42, 'solver': 'lbfgs', 'tol': 0.0001, 'verbose': 0, 'warm_start': False}",0.21756529808044434
Coffee,4,5,6,3,KNN,HMM_GMM,8,"{'n_components': 1, 'n_mix': 3, 'covariance_type': 'full'}",0.7283333333333334,0.7150617655620005,"{'algorithm': 'auto', 'leaf_size': 30, 'metric': 'minkowski', 'metric_params': None, 'n_jobs': None, 'n_neighbors': np.int64(13), 'p': 4, 'weights': 'distance'}",0.036837100982666016
Coffee,4,5,6,3,RandomForest,HMM_GMM,8,"{'n_components': 1, 'n_mix': 3, 'covariance_type': 'full'}",0.7833333333333333,0.780271381845267,"{'bootstrap': True, 'ccp_alpha': 0.0, 'class_weight': 'balanced', 'criterion': 'gini', 'max_depth': 20, 'max_features': 'sqrt', 'max_leaf_nodes': None, 'max_samples': None, 'min_impurity_decrease': 0.0, 'min_samples_leaf': 2, 'min_samples_split': 5, 'min_weight_fraction_leaf': 0.0, 'monotonic_cst': None, 'n_estimators': 50, 'n_jobs': None, 'oob_score': False, 'random_state': 42, 'verbose': 0, 'warm_start': False}",0.22453522682189941
Coffee,4,5,6,3,LinearSVC,HMM_GMM,8,"{'n_components': 1, 'n_mix': 3, 'covariance_type': 'full'}",0.8283333333333334,0.8258466502842714,"{'C': np.float64(1000.0), 'class_weight': 'balanced', 'dual': False, 'fit_intercept': True, 'intercept_scaling': 1, 'loss': 'squared_hinge', 'max_iter': 100, 'multi_class': 'ovr', 'penalty': 'l2', 'random_state': 42, 'tol': 0.001, 'verbose': 0}",0.014372587203979492
Coffee,4,5,6,3,LogisticRegression,HMM_GMM,8,"{'n_components': 1, 'n_mix': 3, 'covariance_type': 'full'}",0.7016666666666667,0.7030539420856176,"{'C': np.float64(0.01623776739188721), 'class_weight': 'balanced', 'dual': False, 'fit_intercept': True, 'intercept_scaling': 1, 'l1_ratio': None, 'max_iter': 100, 'multi_class': 'deprecated', 'n_jobs': None, 'penalty': 'l2', 'random_state': 42, 'solver': 'saga', 'tol': 0.0001, 'verbose': 0, 'warm_start': False}",0.020020484924316406
Coffee,4,5,6,3,KNN,HMM_GMM,9,"{'n_components': 5, 'n_mix': 1, 'covariance_type': 'diag'}",0.715,0.7122703253075053,"{'algorithm': 'auto', 'leaf_size': 30, 'metric': 'minkowski', 'metric_params': None, 'n_jobs': None, 'n_neighbors': np.int64(13), 'p': 4, 'weights': 'distance'}",0.0464167594909668
Coffee,4,5,6,3,RandomForest,HMM_GMM,9,"{'n_components': 5, 'n_mix': 1, 'covariance_type': 'diag'}",0.87,0.8772486624752086,"{'bootstrap': True, 'ccp_alpha': 0.0, 'class_weight': None, 'criterion': 'gini', 'max_depth': None, 'max_features': 'sqrt', 'max_leaf_nodes': None, 'max_samples': None, 'min_impurity_decrease': 0.0, 'min_samples_leaf': 4, 'min_samples_split': 10, 'min_weight_fraction_leaf': 0.0, 'monotonic_cst': None, 'n_estimators': 50, 'n_jobs': None, 'oob_score': False, 'random_state': 42, 'verbose': 0, 'warm_start': False}",0.2631082534790039
Coffee,4,5,6,3,LinearSVC,HMM_GMM,9,"{'n_components': 5, 'n_mix': 1, 'covariance_type': 'diag'}",0.7016666666666667,0.7000458110019084,"{'C': np.float64(33.59818286283781), 'class_weight': 'balanced', 'dual': False, 'fit_intercept': True, 'intercept_scaling': 1, 'loss': 'squared_hinge', 'max_iter': 100, 'multi_class': 'ovr', 'penalty': 'l1', 'random_state': 42, 'tol': 0.0001, 'verbose': 0}",0.027780532836914062
Coffee,4,5,6,3,LogisticRegression,HMM_GMM,9,"{'n_components': 5, 'n_mix': 1, 'covariance_type': 'diag'}",0.7366666666666667,0.7424298910938825,"{'C': np.float64(33.59818286283781), 'class_weight': None, 'dual': False, 'fit_intercept': True, 'intercept_scaling': 1, 'l1_ratio': None, 'max_iter': 100, 'multi_class': 'deprecated', 'n_jobs': None, 'penalty': 'l2', 'random_state': 42, 'solver': 'saga', 'tol': 0.0001, 'verbose': 0, 'warm_start': False}",0.023710012435913086
Coffee,4,5,6,3,KNN,HMM_GMM,10,"{'n_components': 3, 'n_mix': 5, 'covariance_type': 'diag'}",0.6633333333333333,0.6276406041592847,"{'algorithm': 'auto', 'leaf_size': 30, 'metric': 'euclidean', 'metric_params': None, 'n_jobs': None, 'n_neighbors': np.int64(9), 'p': 2, 'weights': 'distance'}",0.013715505599975586
Coffee,4,5,6,3,RandomForest,HMM_GMM,10,"{'n_components': 3, 'n_mix': 5, 'covariance_type': 'diag'}",0.915,0.9193873240396275,"{'bootstrap': True, 'ccp_alpha': 0.0, 'class_weight': 'balanced', 'criterion': 'gini', 'max_depth': None, 'max_features': 'sqrt', 'max_leaf_nodes': None, 'max_samples': None, 'min_impurity_decrease': 0.0, 'min_samples_leaf': 2, 'min_samples_split': 2, 'min_weight_fraction_leaf': 0.0, 'monotonic_cst': None, 'n_estimators': 150, 'n_jobs': None, 'oob_score': False, 'random_state': 42, 'verbose': 0, 'warm_start': False}",0.5910036563873291
Coffee,4,5,6,3,LinearSVC,HMM_GMM,10,"{'n_components': 3, 'n_mix': 5, 'covariance_type': 'diag'}",0.7716666666666666,0.7760020278672369,"{'C': np.float64(0.4832930238571752), 'class_weight': 'balanced', 'dual': False, 'fit_intercept': True, 'intercept_scaling': 1, 'loss': 'squared_hinge', 'max_iter': 100, 'multi_class': 'ovr', 'penalty': 'l2', 'random_state': 42, 'tol': 0.0001, 'verbose': 0}",0.010984659194946289
Coffee,4,5,6,3,LogisticRegression,HMM_GMM,10,"{'n_components': 3, 'n_mix': 5, 'covariance_type': 'diag'}",0.6966666666666667,0.6951124207676799,"{'C': np.float64(0.4832930238571752), 'class_weight': 'balanced', 'dual': False, 'fit_intercept': True, 'intercept_scaling': 1, 'l1_ratio': None, 'max_iter': 100, 'multi_class': 'deprecated', 'n_jobs': None, 'penalty': 'l2', 'random_state': 42, 'solver': 'lbfgs', 'tol': 0.0001, 'verbose': 0, 'warm_start': False}",0.033532142639160156
Coffee,4,5,6,5,KNN,HMM_GMM,1,"{'n_components': 2, 'n_mix': 1, 'covariance_type': 'diag'}",0.7466666666666667,0.7444967333781525,"{'algorithm': 'auto', 'leaf_size': 30, 'metric': 'minkowski', 'metric_params': None, 'n_jobs': None, 'n_neighbors': np.int64(5), 'p': 3, 'weights': 'distance'}",0.09235119819641113
Coffee,4,5,6,5,RandomForest,HMM_GMM,1,"{'n_components': 2, 'n_mix': 1, 'covariance_type': 'diag'}",0.87,0.8769290517960642,"{'bootstrap': True, 'ccp_alpha': 0.0, 'class_weight': 'balanced', 'criterion': 'gini', 'max_depth': None, 'max_features': 'sqrt', 'max_leaf_nodes': None, 'max_samples': None, 'min_impurity_decrease': 0.0, 'min_samples_leaf': 1, 'min_samples_split': 2, 'min_weight_fraction_leaf': 0.0, 'monotonic_cst': None, 'n_estimators': 50, 'n_jobs': None, 'oob_score': False, 'random_state': 42, 'verbose': 0, 'warm_start': False}",0.33936572074890137
Coffee,4,5,6,5,LinearSVC,HMM_GMM,1,"{'n_components': 2, 'n_mix': 1, 'covariance_type': 'diag'}",0.62,0.5948116448603936,"{'C': np.float64(183.29807108324337), 'class_weight': None, 'dual': False, 'fit_intercept': True, 'intercept_scaling': 1, 'loss': 'squared_hinge', 'max_iter': 100, 'multi_class': 'ovr', 'penalty': 'l1', 'random_state': 42, 'tol': 0.001, 'verbose': 0}",0.02642369270324707
Coffee,4,5,6,5,LogisticRegression,HMM_GMM,1,"{'n_components': 2, 'n_mix': 1, 'covariance_type': 'diag'}",0.6866666666666666,0.6977138286708398,"{'C': np.float64(183.29807108324337), 'class_weight': 'balanced', 'dual': False, 'fit_intercept': True, 'intercept_scaling': 1, 'l1_ratio': None, 'max_iter': 100, 'multi_class': 'deprecated', 'n_jobs': None, 'penalty': 'l1', 'random_state': 42, 'solver': 'saga', 'tol': 0.0001, 'verbose': 0, 'warm_start': False}",0.03702998161315918
Coffee,4,5,6,5,KNN,HMM_GMM,2,"{'n_components': 2, 'n_mix': 4, 'covariance_type': 'tied'}",0.6833333333333333,0.6602173414746705,"{'algorithm': 'auto', 'leaf_size': 30, 'metric': 'minkowski', 'metric_params': None, 'n_jobs': None, 'n_neighbors': np.int64(5), 'p': 3, 'weights': 'distance'}",0.05227923393249512
Coffee,4,5,6,5,RandomForest,HMM_GMM,2,"{'n_components': 2, 'n_mix': 4, 'covariance_type': 'tied'}",0.8716666666666667,0.8774433509933829,"{'bootstrap': True, 'ccp_alpha': 0.0, 'class_weight': 'balanced', 'criterion': 'gini', 'max_depth': 30, 'max_features': 'sqrt', 'max_leaf_nodes': None, 'max_samples': None, 'min_impurity_decrease': 0.0, 'min_samples_leaf': 1, 'min_samples_split': 2, 'min_weight_fraction_leaf': 0.0, 'monotonic_cst': None, 'n_estimators': 150, 'n_jobs': None, 'oob_score': False, 'random_state': 42, 'verbose': 0, 'warm_start': False}",0.8782129287719727
Coffee,4,5,6,5,LinearSVC,HMM_GMM,2,"{'n_components': 2, 'n_mix': 4, 'covariance_type': 'tied'}",0.9283333333333333,0.92840551710604,"{'C': np.float64(2.6366508987303554), 'class_weight': 'balanced', 'dual': False, 'fit_intercept': True, 'intercept_scaling': 1, 'loss': 'squared_hinge', 'max_iter': 100, 'multi_class': 'ovr', 'penalty': 'l1', 'random_state': 42, 'tol': 0.0001, 'verbose': 0}",0.054801225662231445
Coffee,4,5,6,5,LogisticRegression,HMM_GMM,2,"{'n_components': 2, 'n_mix': 4, 'covariance_type': 'tied'}",0.8666666666666667,0.8668006187834343,"{'C': np.float64(183.29807108324337), 'class_weight': 'balanced', 'dual': False, 'fit_intercept': True, 'intercept_scaling': 1, 'l1_ratio': None, 'max_iter': 100, 'multi_class': 'deprecated', 'n_jobs': None, 'penalty': 'l1', 'random_state': 42, 'solver': 'saga', 'tol': 0.0001, 'verbose': 0, 'warm_start': False}",0.24218082427978516
Coffee,4,5,6,5,KNN,HMM_GMM,3,"{'n_components': 1, 'n_mix': 3, 'covariance_type': 'diag'}",0.7166666666666667,0.6963046291306575,"{'algorithm': 'auto', 'leaf_size': 30, 'metric': 'minkowski', 'metric_params': None, 'n_jobs': None, 'n_neighbors': np.int64(5), 'p': 3, 'weights': 'distance'}",0.06903195381164551
Coffee,4,5,6,5,RandomForest,HMM_GMM,3,"{'n_components': 1, 'n_mix': 3, 'covariance_type': 'diag'}",0.8566666666666667,0.8588348309219096,"{'bootstrap': True, 'ccp_alpha': 0.0, 'class_weight': 'balanced', 'criterion': 'gini', 'max_depth': 20, 'max_features': 'sqrt', 'max_leaf_nodes': None, 'max_samples': None, 'min_impurity_decrease': 0.0, 'min_samples_leaf': 2, 'min_samples_split': 10, 'min_weight_fraction_leaf': 0.0, 'monotonic_cst': None, 'n_estimators': 150, 'n_jobs': None, 'oob_score': False, 'random_state': 42, 'verbose': 0, 'warm_start': False}",0.8427274227142334
Coffee,4,5,6,5,LinearSVC,HMM_GMM,3,"{'n_components': 1, 'n_mix': 3, 'covariance_type': 'diag'}",0.675,0.672770239780549,"{'C': np.float64(2.6366508987303554), 'class_weight': 'balanced', 'dual': False, 'fit_intercept': True, 'intercept_scaling': 1, 'loss': 'squared_hinge', 'max_iter': 100, 'multi_class': 'ovr', 'penalty': 'l1', 'random_state': 42, 'tol': 0.0001, 'verbose': 0}",0.047800540924072266
Coffee,4,5,6,5,LogisticRegression,HMM_GMM,3,"{'n_components': 1, 'n_mix': 3, 'covariance_type': 'diag'}",0.5566666666666666,0.5281899609865432,"{'C': np.float64(0.000545559478116852), 'class_weight': None, 'dual': False, 'fit_intercept': True, 'intercept_scaling': 1, 'l1_ratio': None, 'max_iter': 100, 'multi_class': 'deprecated', 'n_jobs': None, 'penalty': 'l2', 'random_state': 42, 'solver': 'saga', 'tol': 0.0001, 'verbose': 0, 'warm_start': False}",0.03740835189819336
Coffee,4,5,6,5,KNN,HMM_GMM,4,"{'n_components': 4, 'n_mix': 3, 'covariance_type': 'diag'}",0.7033333333333334,0.6937462734864084,"{'algorithm': 'auto', 'leaf_size': 30, 'metric': 'manhattan', 'metric_params': None, 'n_jobs': None, 'n_neighbors': np.int64(5), 'p': 2, 'weights': 'distance'}",0.020009994506835938
Coffee,4,5,6,5,RandomForest,HMM_GMM,4,"{'n_components': 4, 'n_mix': 3, 'covariance_type': 'diag'}",0.905,0.910548831609949,"{'bootstrap': True, 'ccp_alpha': 0.0, 'class_weight': 'balanced', 'criterion': 'gini', 'max_depth': 30, 'max_features': 'sqrt', 'max_leaf_nodes': None, 'max_samples': None, 'min_impurity_decrease': 0.0, 'min_samples_leaf': 1, 'min_samples_split': 2, 'min_weight_fraction_leaf': 0.0, 'monotonic_cst': None, 'n_estimators': 150, 'n_jobs': None, 'oob_score': False, 'random_state': 42, 'verbose': 0, 'warm_start': False}",1.1938536167144775
Coffee,4,5,6,5,LinearSVC,HMM_GMM,4,"{'n_components': 4, 'n_mix': 3, 'covariance_type': 'diag'}",0.8716666666666667,0.8748748841519924,"{'C': np.float64(2.6366508987303554), 'class_weight': 'balanced', 'dual': False, 'fit_intercept': True, 'intercept_scaling': 1, 'loss': 'squared_hinge', 'max_iter': 100, 'multi_class': 'ovr', 'penalty': 'l1', 'random_state': 42, 'tol': 0.0001, 'verbose': 0}",0.056229352951049805
Coffee,4,5,6,5,LogisticRegression,HMM_GMM,4,"{'n_components': 4, 'n_mix': 3, 'covariance_type': 'diag'}",0.7116666666666667,0.7191688690521317,"{'C': np.float64(33.59818286283781), 'class_weight': 'balanced', 'dual': False, 'fit_intercept': True, 'intercept_scaling': 1, 'l1_ratio': None, 'max_iter': 100, 'multi_class': 'deprecated', 'n_jobs': None, 'penalty': 'l2', 'random_state': 42, 'solver': 'saga', 'tol': 0.0001, 'verbose': 0, 'warm_start': False}",0.11650538444519043
Coffee,4,5,6,5,KNN,HMM_GMM,5,"{'n_components': 1, 'n_mix': 1, 'covariance_type': 'tied'}",0.675,0.6707236720166779,"{'algorithm': 'auto', 'leaf_size': 30, 'metric': 'manhattan', 'metric_params': None, 'n_jobs': None, 'n_neighbors': np.int64(5), 'p': 2, 'weights': 'distance'}",0.040900230407714844
Coffee,4,5,6,5,RandomForest,HMM_GMM,5,"{'n_components': 1, 'n_mix': 1, 'covariance_type': 'tied'}",0.7233333333333334,0.7286630156357611,"{'bootstrap': True, 'ccp_alpha': 0.0, 'class_weight': 'balanced', 'criterion': 'gini', 'max_depth': 30, 'max_features': 'sqrt', 'max_leaf_nodes': None, 'max_samples': None, 'min_impurity_decrease': 0.0, 'min_samples_leaf': 1, 'min_samples_split': 2, 'min_weight_fraction_leaf': 0.0, 'monotonic_cst': None, 'n_estimators': 150, 'n_jobs': None, 'oob_score': False, 'random_state': 42, 'verbose': 0, 'warm_start': False}",0.8549432754516602
Coffee,4,5,6,5,LinearSVC,HMM_GMM,5,"{'n_components': 1, 'n_mix': 1, 'covariance_type': 'tied'}",0.9316666666666666,0.9318300844251307,"{'C': np.float64(33.59818286283781), 'class_weight': 'balanced', 'dual': False, 'fit_intercept': True, 'intercept_scaling': 1, 'loss': 'squared_hinge', 'max_iter': 100, 'multi_class': 'ovr', 'penalty': 'l1', 'random_state': 42, 'tol': 0.001, 'verbose': 0}",0.055571794509887695
Coffee,4,5,6,5,LogisticRegression,HMM_GMM,5,"{'n_components': 1, 'n_mix': 1, 'covariance_type': 'tied'}",0.9283333333333333,0.9285208246885595,"{'C': np.float64(0.4832930238571752), 'class_weight': None, 'dual': False, 'fit_intercept': True, 'intercept_scaling': 1, 'l1_ratio': None, 'max_iter': 100, 'multi_class': 'deprecated', 'n_jobs': None, 'penalty': 'l1', 'random_state': 42, 'solver': 'saga', 'tol': 0.0001, 'verbose': 0, 'warm_start': False}",0.2602536678314209
Coffee,4,5,6,5,KNN,HMM_GMM,6,"{'n_components': 4, 'n_mix': 3, 'covariance_type': 'diag'}",0.7033333333333334,0.6937462734864084,"{'algorithm': 'auto', 'leaf_size': 30, 'metric': 'manhattan', 'metric_params': None, 'n_jobs': None, 'n_neighbors': np.int64(5), 'p': 2, 'weights': 'distance'}",0.026964187622070312
Coffee,4,5,6,5,RandomForest,HMM_GMM,6,"{'n_components': 4, 'n_mix': 3, 'covariance_type': 'diag'}",0.905,0.910548831609949,"{'bootstrap': True, 'ccp_alpha': 0.0, 'class_weight': 'balanced', 'criterion': 'gini', 'max_depth': 30, 'max_features': 'sqrt', 'max_leaf_nodes': None, 'max_samples': None, 'min_impurity_decrease': 0.0, 'min_samples_leaf': 1, 'min_samples_split': 2, 'min_weight_fraction_leaf': 0.0, 'monotonic_cst': None, 'n_estimators': 150, 'n_jobs': None, 'oob_score': False, 'random_state': 42, 'verbose': 0, 'warm_start': False}",0.7485058307647705
Coffee,4,5,6,5,LinearSVC,HMM_GMM,6,"{'n_components': 4, 'n_mix': 3, 'covariance_type': 'diag'}",0.8716666666666667,0.8748748841519924,"{'C': np.float64(2.6366508987303554), 'class_weight': 'balanced', 'dual': False, 'fit_intercept': True, 'intercept_scaling': 1, 'loss': 'squared_hinge', 'max_iter': 100, 'multi_class': 'ovr', 'penalty': 'l1', 'random_state': 42, 'tol': 0.0001, 'verbose': 0}",0.05792880058288574
Coffee,4,5,6,5,LogisticRegression,HMM_GMM,6,"{'n_components': 4, 'n_mix': 3, 'covariance_type': 'diag'}",0.7133333333333334,0.7210115038569019,"{'C': np.float64(33.59818286283781), 'class_weight': 'balanced', 'dual': False, 'fit_intercept': True, 'intercept_scaling': 1, 'l1_ratio': None, 'max_iter': 100, 'multi_class': 'deprecated', 'n_jobs': None, 'penalty': 'l2', 'random_state': 42, 'solver': 'saga', 'tol': 0.0001, 'verbose': 0, 'warm_start': False}",0.12734103202819824
Coffee,4,5,6,5,KNN,HMM_GMM,7,"{'n_components': 2, 'n_mix': 5, 'covariance_type': 'diag'}",0.6516666666666666,0.6137931971541297,"{'algorithm': 'auto', 'leaf_size': 30, 'metric': 'minkowski', 'metric_params': None, 'n_jobs': None, 'n_neighbors': np.int64(5), 'p': 3, 'weights': 'distance'}",0.0622100830078125
Coffee,4,5,6,5,RandomForest,HMM_GMM,7,"{'n_components': 2, 'n_mix': 5, 'covariance_type': 'diag'}",0.8566666666666667,0.8658035549168356,"{'bootstrap': True, 'ccp_alpha': 0.0, 'class_weight': 'balanced', 'criterion': 'gini', 'max_depth': None, 'max_features': 'sqrt', 'max_leaf_nodes': None, 'max_samples': None, 'min_impurity_decrease': 0.0, 'min_samples_leaf': 1, 'min_samples_split': 2, 'min_weight_fraction_leaf': 0.0, 'monotonic_cst': None, 'n_estimators': 50, 'n_jobs': None, 'oob_score': False, 'random_state': 42, 'verbose': 0, 'warm_start': False}",0.2720000743865967
Coffee,4,5,6,5,LinearSVC,HMM_GMM,7,"{'n_components': 2, 'n_mix': 5, 'covariance_type': 'diag'}",0.6616666666666666,0.646952463050109,"{'C': np.float64(0.2069138081114788), 'class_weight': None, 'dual': False, 'fit_intercept': True, 'intercept_scaling': 1, 'loss': 'squared_hinge', 'max_iter': 100, 'multi_class': 'ovr', 'penalty': 'l2', 'random_state': 42, 'tol': 0.001, 'verbose': 0}",0.02008342742919922
Coffee,4,5,6,5,LogisticRegression,HMM_GMM,7,"{'n_components': 2, 'n_mix': 5, 'covariance_type': 'diag'}",0.695,0.6932469627135173,"{'C': np.float64(183.29807108324337), 'class_weight': 'balanced', 'dual': False, 'fit_intercept': True, 'intercept_scaling': 1, 'l1_ratio': None, 'max_iter': 100, 'multi_class': 'deprecated', 'n_jobs': None, 'penalty': 'l1', 'random_state': 42, 'solver': 'saga', 'tol': 0.0001, 'verbose': 0, 'warm_start': False}",0.055385589599609375
Coffee,4,5,6,5,KNN,HMM_GMM,8,"{'n_components': 1, 'n_mix': 3, 'covariance_type': 'full'}",0.7116666666666667,0.7112479382216225,"{'algorithm': 'auto', 'leaf_size': 30, 'metric': 'manhattan', 'metric_params': None, 'n_jobs': None, 'n_neighbors': np.int64(5), 'p': 2, 'weights': 'distance'}",0.020575523376464844
Coffee,4,5,6,5,RandomForest,HMM_GMM,8,"{'n_components': 1, 'n_mix': 3, 'covariance_type': 'full'}",0.715,0.7001777593782476,"{'bootstrap': True, 'ccp_alpha': 0.0, 'class_weight': 'balanced', 'criterion': 'gini', 'max_depth': None, 'max_features': 'sqrt', 'max_leaf_nodes': None, 'max_samples': None, 'min_impurity_decrease': 0.0, 'min_samples_leaf': 1, 'min_samples_split': 2, 'min_weight_fraction_leaf': 0.0, 'monotonic_cst': None, 'n_estimators': 50, 'n_jobs': None, 'oob_score': False, 'random_state': 42, 'verbose': 0, 'warm_start': False}",0.28657078742980957
Coffee,4,5,6,5,LinearSVC,HMM_GMM,8,"{'n_components': 1, 'n_mix': 3, 'covariance_type': 'full'}",0.81,0.8066600083593348,"{'C': np.float64(183.29807108324337), 'class_weight': None, 'dual': False, 'fit_intercept': True, 'intercept_scaling': 1, 'loss': 'squared_hinge', 'max_iter': 100, 'multi_class': 'ovr', 'penalty': 'l1', 'random_state': 42, 'tol': 0.001, 'verbose': 0}",0.05098128318786621
Coffee,4,5,6,5,LogisticRegression,HMM_GMM,8,"{'n_components': 1, 'n_mix': 3, 'covariance_type': 'full'}",0.8333333333333334,0.8341454272863568,"{'C': np.float64(2.6366508987303554), 'class_weight': 'balanced', 'dual': False, 'fit_intercept': True, 'intercept_scaling': 1, 'l1_ratio': None, 'max_iter': 100, 'multi_class': 'deprecated', 'n_jobs': None, 'penalty': 'l1', 'random_state': 42, 'solver': 'saga', 'tol': 0.0001, 'verbose': 0, 'warm_start': False}",0.232496976852417
Coffee,4,5,6,5,KNN,HMM_GMM,9,"{'n_components': 5, 'n_mix': 1, 'covariance_type': 'diag'}",0.7433333333333333,0.7351489070239071,"{'algorithm': 'auto', 'leaf_size': 30, 'metric': 'manhattan', 'metric_params': None, 'n_jobs': None, 'n_neighbors': np.int64(5), 'p': 2, 'weights': 'distance'}",0.021800756454467773
Coffee,4,5,6,5,RandomForest,HMM_GMM,9,"{'n_components': 5, 'n_mix': 1, 'covariance_type': 'diag'}",0.8366666666666667,0.8462705855745285,"{'bootstrap': True, 'ccp_alpha': 0.0, 'class_weight': 'balanced', 'criterion': 'gini', 'max_depth': None, 'max_features': 'sqrt', 'max_leaf_nodes': None, 'max_samples': None, 'min_impurity_decrease': 0.0, 'min_samples_leaf': 2, 'min_samples_split': 2, 'min_weight_fraction_leaf': 0.0, 'monotonic_cst': None, 'n_estimators': 150, 'n_jobs': None, 'oob_score': False, 'random_state': 42, 'verbose': 0, 'warm_start': False}",1.0002667903900146
Coffee,4,5,6,5,LinearSVC,HMM_GMM,9,"{'n_components': 5, 'n_mix': 1, 'covariance_type': 'diag'}",0.7066666666666667,0.7067114077367488,"{'C': np.float64(1000.0), 'class_weight': 'balanced', 'dual': False, 'fit_intercept': True, 'intercept_scaling': 1, 'loss': 'squared_hinge', 'max_iter': 100, 'multi_class': 'ovr', 'penalty': 'l2', 'random_state': 42, 'tol': 0.001, 'verbose': 0}",0.01807570457458496
Coffee,4,5,6,5,LogisticRegression,HMM_GMM,9,"{'n_components': 5, 'n_mix': 1, 'covariance_type': 'diag'}",0.7333333333333333,0.7387292759416227,"{'C': np.float64(183.29807108324337), 'class_weight': 'balanced', 'dual': False, 'fit_intercept': True, 'intercept_scaling': 1, 'l1_ratio': None, 'max_iter': 100, 'multi_class': 'deprecated', 'n_jobs': None, 'penalty': 'l1', 'random_state': 42, 'solver': 'saga', 'tol': 0.0001, 'verbose': 0, 'warm_start': False}",0.04510307312011719
Coffee,4,5,6,5,KNN,HMM_GMM,10,"{'n_components': 3, 'n_mix': 5, 'covariance_type': 'diag'}",0.72,0.7074675387516521,"{'algorithm': 'auto', 'leaf_size': 30, 'metric': 'manhattan', 'metric_params': None, 'n_jobs': None, 'n_neighbors': np.int64(5), 'p': 2, 'weights': 'distance'}",0.02075791358947754
Coffee,4,5,6,5,RandomForest,HMM_GMM,10,"{'n_components': 3, 'n_mix': 5, 'covariance_type': 'diag'}",0.9116666666666666,0.9166395695288471,"{'bootstrap': True, 'ccp_alpha': 0.0, 'class_weight': 'balanced', 'criterion': 'gini', 'max_depth': 30, 'max_features': 'sqrt', 'max_leaf_nodes': None, 'max_samples': None, 'min_impurity_decrease': 0.0, 'min_samples_leaf': 1, 'min_samples_split': 2, 'min_weight_fraction_leaf': 0.0, 'monotonic_cst': None, 'n_estimators': 150, 'n_jobs': None, 'oob_score': False, 'random_state': 42, 'verbose': 0, 'warm_start': False}",0.6962234973907471
Coffee,4,5,6,5,LinearSVC,HMM_GMM,10,"{'n_components': 3, 'n_mix': 5, 'covariance_type': 'diag'}",0.7066666666666667,0.7046558711278337,"{'C': np.float64(0.4832930238571752), 'class_weight': 'balanced', 'dual': False, 'fit_intercept': True, 'intercept_scaling': 1, 'loss': 'squared_hinge', 'max_iter': 100, 'multi_class': 'ovr', 'penalty': 'l2', 'random_state': 42, 'tol': 0.0001, 'verbose': 0}",0.02069091796875
Coffee,4,5,6,5,LogisticRegression,HMM_GMM,10,"{'n_components': 3, 'n_mix': 5, 'covariance_type': 'diag'}",0.685,0.6814679404017769,"{'C': np.float64(33.59818286283781), 'class_weight': 'balanced', 'dual': False, 'fit_intercept': True, 'intercept_scaling': 1, 'l1_ratio': None, 'max_iter': 100, 'multi_class': 'deprecated', 'n_jobs': None, 'penalty': 'l1', 'random_state': 42, 'solver': 'saga', 'tol': 0.0001, 'verbose': 0, 'warm_start': False}",0.06653857231140137
Coffee,4,5,6,10,KNN,HMM_GMM,1,"{'n_components': 2, 'n_mix': 1, 'covariance_type': 'diag'}",0.7533333333333333,0.7519763322581535,"{'algorithm': 'auto', 'leaf_size': 30, 'metric': 'minkowski', 'metric_params': None, 'n_jobs': None, 'n_neighbors': 5, 'p': 2, 'weights': 'uniform'}",0.04967641830444336
Coffee,4,5,6,10,RandomForest,HMM_GMM,1,"{'n_components': 2, 'n_mix': 1, 'covariance_type': 'diag'}",0.8683333333333333,0.8761961630187352,"{'bootstrap': True, 'ccp_alpha': 0.0, 'class_weight': None, 'criterion': 'gini', 'max_depth': None, 'max_features': 'sqrt', 'max_leaf_nodes': None, 'max_samples': None, 'min_impurity_decrease': 0.0, 'min_samples_leaf': 1, 'min_samples_split': 2, 'min_weight_fraction_leaf': 0.0, 'monotonic_cst': None, 'n_estimators': 100, 'n_jobs': None, 'oob_score': False, 'random_state': 42, 'verbose': 0, 'warm_start': False}",0.7267730236053467
Coffee,4,5,6,10,LinearSVC,HMM_GMM,1,"{'n_components': 2, 'n_mix': 1, 'covariance_type': 'diag'}",0.62,0.5943551622096923,"{'C': 1.0, 'class_weight': None, 'dual': False, 'fit_intercept': True, 'intercept_scaling': 1, 'loss': 'squared_hinge', 'max_iter': 100, 'multi_class': 'ovr', 'penalty': 'l2', 'random_state': 42, 'tol': 0.0001, 'verbose': 0}",0.034291744232177734
Coffee,4,5,6,10,LogisticRegression,HMM_GMM,1,"{'n_components': 2, 'n_mix': 1, 'covariance_type': 'diag'}",0.6883333333333334,0.7001826040727642,"{'C': 1.0, 'class_weight': None, 'dual': False, 'fit_intercept': True, 'intercept_scaling': 1, 'l1_ratio': None, 'max_iter': 100, 'multi_class': 'deprecated', 'n_jobs': None, 'penalty': 'l2', 'random_state': 42, 'solver': 'lbfgs', 'tol': 0.0001, 'verbose': 0, 'warm_start': False}",0.07338690757751465
Coffee,4,5,6,10,KNN,HMM_GMM,2,"{'n_components': 2, 'n_mix': 4, 'covariance_type': 'tied'}",0.6766666666666666,0.6593008154931129,"{'algorithm': 'auto', 'leaf_size': 30, 'metric': 'minkowski', 'metric_params': None, 'n_jobs': None, 'n_neighbors': 5, 'p': 2, 'weights': 'uniform'}",0.04320168495178223
Coffee,4,5,6,10,RandomForest,HMM_GMM,2,"{'n_components': 2, 'n_mix': 4, 'covariance_type': 'tied'}",0.86,0.8654624044118562,"{'bootstrap': True, 'ccp_alpha': 0.0, 'class_weight': None, 'criterion': 'gini', 'max_depth': None, 'max_features': 'sqrt', 'max_leaf_nodes': None, 'max_samples': None, 'min_impurity_decrease': 0.0, 'min_samples_leaf': 1, 'min_samples_split': 2, 'min_weight_fraction_leaf': 0.0, 'monotonic_cst': None, 'n_estimators': 100, 'n_jobs': None, 'oob_score': False, 'random_state': 42, 'verbose': 0, 'warm_start': False}",0.6459372043609619
Coffee,4,5,6,10,LinearSVC,HMM_GMM,2,"{'n_components': 2, 'n_mix': 4, 'covariance_type': 'tied'}",0.9083333333333333,0.9082775576863418,"{'C': 1.0, 'class_weight': None, 'dual': False, 'fit_intercept': True, 'intercept_scaling': 1, 'loss': 'squared_hinge', 'max_iter': 100, 'multi_class': 'ovr', 'penalty': 'l2', 'random_state': 42, 'tol': 0.0001, 'verbose': 0}",0.052954912185668945
Coffee,4,5,6,10,LogisticRegression,HMM_GMM,2,"{'n_components': 2, 'n_mix': 4, 'covariance_type': 'tied'}",0.8983333333333333,0.898653045288912,"{'C': 1.0, 'class_weight': None, 'dual': False, 'fit_intercept': True, 'intercept_scaling': 1, 'l1_ratio': None, 'max_iter': 100, 'multi_class': 'deprecated', 'n_jobs': None, 'penalty': 'l2', 'random_state': 42, 'solver': 'lbfgs', 'tol': 0.0001, 'verbose': 0, 'warm_start': False}",0.20035624504089355
Coffee,4,5,6,10,KNN,HMM_GMM,3,"{'n_components': 1, 'n_mix': 3, 'covariance_type': 'diag'}",0.735,0.7204575225634411,"{'algorithm': 'auto', 'leaf_size': 30, 'metric': 'minkowski', 'metric_params': None, 'n_jobs': None, 'n_neighbors': 5, 'p': 2, 'weights': 'uniform'}",0.04521012306213379
Coffee,4,5,6,10,RandomForest,HMM_GMM,3,"{'n_components': 1, 'n_mix': 3, 'covariance_type': 'diag'}",0.8416666666666667,0.8459277275949265,"{'bootstrap': True, 'ccp_alpha': 0.0, 'class_weight': None, 'criterion': 'gini', 'max_depth': None, 'max_features': 'sqrt', 'max_leaf_nodes': None, 'max_samples': None, 'min_impurity_decrease': 0.0, 'min_samples_leaf': 1, 'min_samples_split': 2, 'min_weight_fraction_leaf': 0.0, 'monotonic_cst': None, 'n_estimators': 100, 'n_jobs': None, 'oob_score': False, 'random_state': 42, 'verbose': 0, 'warm_start': False}",0.6625871658325195
Coffee,4,5,6,10,LinearSVC,HMM_GMM,3,"{'n_components': 1, 'n_mix': 3, 'covariance_type': 'diag'}",0.665,0.6603229972185356,"{'C': 1.0, 'class_weight': None, 'dual': False, 'fit_intercept': True, 'intercept_scaling': 1, 'loss': 'squared_hinge', 'max_iter': 100, 'multi_class': 'ovr', 'penalty': 'l2', 'random_state': 42, 'tol': 0.0001, 'verbose': 0}",0.03653693199157715
Coffee,4,5,6,10,LogisticRegression,HMM_GMM,3,"{'n_components': 1, 'n_mix': 3, 'covariance_type': 'diag'}",0.6616666666666666,0.6585177707912737,"{'C': 1.0, 'class_weight': None, 'dual': False, 'fit_intercept': True, 'intercept_scaling': 1, 'l1_ratio': None, 'max_iter': 100, 'multi_class': 'deprecated', 'n_jobs': None, 'penalty': 'l2', 'random_state': 42, 'solver': 'lbfgs', 'tol': 0.0001, 'verbose': 0, 'warm_start': False}",0.05867195129394531
Coffee,4,5,6,10,KNN,HMM_GMM,4,"{'n_components': 4, 'n_mix': 3, 'covariance_type': 'diag'}",0.6433333333333333,0.615445582081183,"{'algorithm': 'auto', 'leaf_size': 30, 'metric': 'minkowski', 'metric_params': None, 'n_jobs': None, 'n_neighbors': 5, 'p': 2, 'weights': 'uniform'}",0.04592704772949219
Coffee,4,5,6,10,RandomForest,HMM_GMM,4,"{'n_components': 4, 'n_mix': 3, 'covariance_type': 'diag'}",0.9083333333333333,0.9135935719853691,"{'bootstrap': True, 'ccp_alpha': 0.0, 'class_weight': None, 'criterion': 'gini', 'max_depth': None, 'max_features': 'sqrt', 'max_leaf_nodes': None, 'max_samples': None, 'min_impurity_decrease': 0.0, 'min_samples_leaf': 1, 'min_samples_split': 2, 'min_weight_fraction_leaf': 0.0, 'monotonic_cst': None, 'n_estimators': 100, 'n_jobs': None, 'oob_score': False, 'random_state': 42, 'verbose': 0, 'warm_start': False}",0.5960917472839355
Coffee,4,5,6,10,LinearSVC,HMM_GMM,4,"{'n_components': 4, 'n_mix': 3, 'covariance_type': 'diag'}",0.8733333333333333,0.8763844129756168,"{'C': 1.0, 'class_weight': None, 'dual': False, 'fit_intercept': True, 'intercept_scaling': 1, 'loss': 'squared_hinge', 'max_iter': 100, 'multi_class': 'ovr', 'penalty': 'l2', 'random_state': 42, 'tol': 0.0001, 'verbose': 0}",0.04422450065612793
Coffee,4,5,6,10,LogisticRegression,HMM_GMM,4,"{'n_components': 4, 'n_mix': 3, 'covariance_type': 'diag'}",0.7133333333333334,0.7242756141377685,"{'C': 1.0, 'class_weight': None, 'dual': False, 'fit_intercept': True, 'intercept_scaling': 1, 'l1_ratio': None, 'max_iter': 100, 'multi_class': 'deprecated', 'n_jobs': None, 'penalty': 'l2', 'random_state': 42, 'solver': 'lbfgs', 'tol': 0.0001, 'verbose': 0, 'warm_start': False}",0.3681187629699707
Coffee,4,5,6,10,KNN,HMM_GMM,5,"{'n_components': 1, 'n_mix': 1, 'covariance_type': 'tied'}",0.7083333333333334,0.6999413522022566,"{'algorithm': 'auto', 'leaf_size': 30, 'metric': 'minkowski', 'metric_params': None, 'n_jobs': None, 'n_neighbors': 5, 'p': 2, 'weights': 'uniform'}",0.05049705505371094
Coffee,4,5,6,10,RandomForest,HMM_GMM,5,"{'n_components': 1, 'n_mix': 1, 'covariance_type': 'tied'}",0.695,0.6919148814253983,"{'bootstrap': True, 'ccp_alpha': 0.0, 'class_weight': None, 'criterion': 'gini', 'max_depth': None, 'max_features': 'sqrt', 'max_leaf_nodes': None, 'max_samples': None, 'min_impurity_decrease': 0.0, 'min_samples_leaf': 1, 'min_samples_split': 2, 'min_weight_fraction_leaf': 0.0, 'monotonic_cst': None, 'n_estimators': 100, 'n_jobs': None, 'oob_score': False, 'random_state': 42, 'verbose': 0, 'warm_start': False}",0.764132022857666
Coffee,4,5,6,10,LinearSVC,HMM_GMM,5,"{'n_components': 1, 'n_mix': 1, 'covariance_type': 'tied'}",0.9333333333333333,0.9333322284024689,"{'C': 1.0, 'class_weight': None, 'dual': False, 'fit_intercept': True, 'intercept_scaling': 1, 'loss': 'squared_hinge', 'max_iter': 100, 'multi_class': 'ovr', 'penalty': 'l2', 'random_state': 42, 'tol': 0.0001, 'verbose': 0}",0.04909062385559082
Coffee,4,5,6,10,LogisticRegression,HMM_GMM,5,"{'n_components': 1, 'n_mix': 1, 'covariance_type': 'tied'}",0.9283333333333333,0.9285207647054341,"{'C': 1.0, 'class_weight': None, 'dual': False, 'fit_intercept': True, 'intercept_scaling': 1, 'l1_ratio': None, 'max_iter': 100, 'multi_class': 'deprecated', 'n_jobs': None, 'penalty': 'l2', 'random_state': 42, 'solver': 'lbfgs', 'tol': 0.0001, 'verbose': 0, 'warm_start': False}",0.17454123497009277
Coffee,4,5,6,10,KNN,HMM_GMM,6,"{'n_components': 4, 'n_mix': 3, 'covariance_type': 'diag'}",0.6683333333333333,0.6468857773708847,"{'algorithm': 'auto', 'leaf_size': 30, 'metric': 'minkowski', 'metric_params': None, 'n_jobs': None, 'n_neighbors': 5, 'p': 2, 'weights': 'uniform'}",0.043267250061035156
Coffee,4,5,6,10,RandomForest,HMM_GMM,6,"{'n_components': 4, 'n_mix': 3, 'covariance_type': 'diag'}",0.905,0.910548831609949,"{'bootstrap': True, 'ccp_alpha': 0.0, 'class_weight': None, 'criterion': 'gini', 'max_depth': None, 'max_features': 'sqrt', 'max_leaf_nodes': None, 'max_samples': None, 'min_impurity_decrease': 0.0, 'min_samples_leaf': 1, 'min_samples_split': 2, 'min_weight_fraction_leaf': 0.0, 'monotonic_cst': None, 'n_estimators': 100, 'n_jobs': None, 'oob_score': False, 'random_state': 42, 'verbose': 0, 'warm_start': False}",0.5957720279693604
Coffee,4,5,6,10,LinearSVC,HMM_GMM,6,"{'n_components': 4, 'n_mix': 3, 'covariance_type': 'diag'}",0.8616666666666667,0.8660138648107835,"{'C': 1.0, 'class_weight': None, 'dual': False, 'fit_intercept': True, 'intercept_scaling': 1, 'loss': 'squared_hinge', 'max_iter': 100, 'multi_class': 'ovr', 'penalty': 'l2', 'random_state': 42, 'tol': 0.0001, 'verbose': 0}",0.035379648208618164
Coffee,4,5,6,10,LogisticRegression,HMM_GMM,6,"{'n_components': 4, 'n_mix': 3, 'covariance_type': 'diag'}",0.6983333333333334,0.7082625012772994,"{'C': 1.0, 'class_weight': None, 'dual': False, 'fit_intercept': True, 'intercept_scaling': 1, 'l1_ratio': None, 'max_iter': 100, 'multi_class': 'deprecated', 'n_jobs': None, 'penalty': 'l2', 'random_state': 42, 'solver': 'lbfgs', 'tol': 0.0001, 'verbose': 0, 'warm_start': False}",0.10951066017150879
Coffee,4,5,6,10,KNN,HMM_GMM,7,"{'n_components': 2, 'n_mix': 5, 'covariance_type': 'diag'}",0.675,0.641922489043214,"{'algorithm': 'auto', 'leaf_size': 30, 'metric': 'minkowski', 'metric_params': None, 'n_jobs': None, 'n_neighbors': 5, 'p': 2, 'weights': 'uniform'}",0.046857595443725586
Coffee,4,5,6,10,RandomForest,HMM_GMM,7,"{'n_components': 2, 'n_mix': 5, 'covariance_type': 'diag'}",0.87,0.8785247663937813,"{'bootstrap': True, 'ccp_alpha': 0.0, 'class_weight': None, 'criterion': 'gini', 'max_depth': None, 'max_features': 'sqrt', 'max_leaf_nodes': None, 'max_samples': None, 'min_impurity_decrease': 0.0, 'min_samples_leaf': 1, 'min_samples_split': 2, 'min_weight_fraction_leaf': 0.0, 'monotonic_cst': None, 'n_estimators': 100, 'n_jobs': None, 'oob_score': False, 'random_state': 42, 'verbose': 0, 'warm_start': False}",0.6434817314147949
Coffee,4,5,6,10,LinearSVC,HMM_GMM,7,"{'n_components': 2, 'n_mix': 5, 'covariance_type': 'diag'}",0.6616666666666666,0.6474500332176687,"{'C': 1.0, 'class_weight': None, 'dual': False, 'fit_intercept': True, 'intercept_scaling': 1, 'loss': 'squared_hinge', 'max_iter': 100, 'multi_class': 'ovr', 'penalty': 'l2', 'random_state': 42, 'tol': 0.0001, 'verbose': 0}",0.04522109031677246
Coffee,4,5,6,10,LogisticRegression,HMM_GMM,7,"{'n_components': 2, 'n_mix': 5, 'covariance_type': 'diag'}",0.6883333333333334,0.6854216854689031,"{'C': 1.0, 'class_weight': None, 'dual': False, 'fit_intercept': True, 'intercept_scaling': 1, 'l1_ratio': None, 'max_iter': 100, 'multi_class': 'deprecated', 'n_jobs': None, 'penalty': 'l2', 'random_state': 42, 'solver': 'lbfgs', 'tol': 0.0001, 'verbose': 0, 'warm_start': False}",0.14843130111694336
Coffee,4,5,6,10,KNN,HMM_GMM,8,"{'n_components': 1, 'n_mix': 3, 'covariance_type': 'full'}",0.7133333333333334,0.7021135145885569,"{'algorithm': 'auto', 'leaf_size': 30, 'metric': 'minkowski', 'metric_params': None, 'n_jobs': None, 'n_neighbors': 5, 'p': 2, 'weights': 'uniform'}",0.05506157875061035
Coffee,4,5,6,10,RandomForest,HMM_GMM,8,"{'n_components': 1, 'n_mix': 3, 'covariance_type': 'full'}",0.7233333333333334,0.7122233884503838,"{'bootstrap': True, 'ccp_alpha': 0.0, 'class_weight': None, 'criterion': 'gini', 'max_depth': None, 'max_features': 'sqrt', 'max_leaf_nodes': None, 'max_samples': None, 'min_impurity_decrease': 0.0, 'min_samples_leaf': 1, 'min_samples_split': 2, 'min_weight_fraction_leaf': 0.0, 'monotonic_cst': None, 'n_estimators': 100, 'n_jobs': None, 'oob_score': False, 'random_state': 42, 'verbose': 0, 'warm_start': False}",0.8599226474761963
Coffee,4,5,6,10,LinearSVC,HMM_GMM,8,"{'n_components': 1, 'n_mix': 3, 'covariance_type': 'full'}",0.81,0.8062132775038833,"{'C': 1.0, 'class_weight': None, 'dual': False, 'fit_intercept': True, 'intercept_scaling': 1, 'loss': 'squared_hinge', 'max_iter': 100, 'multi_class': 'ovr', 'penalty': 'l2', 'random_state': 42, 'tol': 0.0001, 'verbose': 0}",0.05739235877990723
Coffee,4,5,6,10,LogisticRegression,HMM_GMM,8,"{'n_components': 1, 'n_mix': 3, 'covariance_type': 'full'}",0.8416666666666667,0.842057489259142,"{'C': 1.0, 'class_weight': None, 'dual': False, 'fit_intercept': True, 'intercept_scaling': 1, 'l1_ratio': None, 'max_iter': 100, 'multi_class': 'deprecated', 'n_jobs': None, 'penalty': 'l2', 'random_state': 42, 'solver': 'lbfgs', 'tol': 0.0001, 'verbose': 0, 'warm_start': False}",0.500434398651123
Coffee,4,5,6,10,KNN,HMM_GMM,9,"{'n_components': 5, 'n_mix': 1, 'covariance_type': 'diag'}",0.74,0.7328398594221379,"{'algorithm': 'auto', 'leaf_size': 30, 'metric': 'minkowski', 'metric_params': None, 'n_jobs': None, 'n_neighbors': 5, 'p': 2, 'weights': 'uniform'}",0.05259585380554199
Coffee,4,5,6,10,RandomForest,HMM_GMM,9,"{'n_components': 5, 'n_mix': 1, 'covariance_type': 'diag'}",0.8316666666666667,0.8415063622117696,"{'bootstrap': True, 'ccp_alpha': 0.0, 'class_weight': None, 'criterion': 'gini', 'max_depth': None, 'max_features': 'sqrt', 'max_leaf_nodes': None, 'max_samples': None, 'min_impurity_decrease': 0.0, 'min_samples_leaf': 1, 'min_samples_split': 2, 'min_weight_fraction_leaf': 0.0, 'monotonic_cst': None, 'n_estimators': 100, 'n_jobs': None, 'oob_score': False, 'random_state': 42, 'verbose': 0, 'warm_start': False}",0.8199968338012695
Coffee,4,5,6,10,LinearSVC,HMM_GMM,9,"{'n_components': 5, 'n_mix': 1, 'covariance_type': 'diag'}",0.7,0.6971649056451713,"{'C': 1.0, 'class_weight': None, 'dual': False, 'fit_intercept': True, 'intercept_scaling': 1, 'loss': 'squared_hinge', 'max_iter': 100, 'multi_class': 'ovr', 'penalty': 'l2', 'random_state': 42, 'tol': 0.0001, 'verbose': 0}",0.03960061073303223
Coffee,4,5,6,10,LogisticRegression,HMM_GMM,9,"{'n_components': 5, 'n_mix': 1, 'covariance_type': 'diag'}",0.7316666666666667,0.737291356568465,"{'C': 1.0, 'class_weight': None, 'dual': False, 'fit_intercept': True, 'intercept_scaling': 1, 'l1_ratio': None, 'max_iter': 100, 'multi_class': 'deprecated', 'n_jobs': None, 'penalty': 'l2', 'random_state': 42, 'solver': 'lbfgs', 'tol': 0.0001, 'verbose': 0, 'warm_start': False}",0.07100749015808105
Coffee,4,5,6,10,KNN,HMM_GMM,10,"{'n_components': 3, 'n_mix': 5, 'covariance_type': 'diag'}",0.6716666666666666,0.6387615117976052,"{'algorithm': 'auto', 'leaf_size': 30, 'metric': 'minkowski', 'metric_params': None, 'n_jobs': None, 'n_neighbors': 5, 'p': 2, 'weights': 'uniform'}",0.05221247673034668
Coffee,4,5,6,10,RandomForest,HMM_GMM,10,"{'n_components': 3, 'n_mix': 5, 'covariance_type': 'diag'}",0.8983333333333333,0.9034646392914533,"{'bootstrap': True, 'ccp_alpha': 0.0, 'class_weight': None, 'criterion': 'gini', 'max_depth': None, 'max_features': 'sqrt', 'max_leaf_nodes': None, 'max_samples': None, 'min_impurity_decrease': 0.0, 'min_samples_leaf': 1, 'min_samples_split': 2, 'min_weight_fraction_leaf': 0.0, 'monotonic_cst': None, 'n_estimators': 100, 'n_jobs': None, 'oob_score': False, 'random_state': 42, 'verbose': 0, 'warm_start': False}",0.746185302734375
Coffee,4,5,6,10,LinearSVC,HMM_GMM,10,"{'n_components': 3, 'n_mix': 5, 'covariance_type': 'diag'}",0.6933333333333334,0.6913007462772479,"{'C': 1.0, 'class_weight': None, 'dual': False, 'fit_intercept': True, 'intercept_scaling': 1, 'loss': 'squared_hinge', 'max_iter': 100, 'multi_class': 'ovr', 'penalty': 'l2', 'random_state': 42, 'tol': 0.0001, 'verbose': 0}",0.1617124080657959
Coffee,4,5,6,10,LogisticRegression,HMM_GMM,10,"{'n_components': 3, 'n_mix': 5, 'covariance_type': 'diag'}",0.6783333333333333,0.6748502837074603,"{'C': 1.0, 'class_weight': None, 'dual': False, 'fit_intercept': True, 'intercept_scaling': 1, 'l1_ratio': None, 'max_iter': 100, 'multi_class': 'deprecated', 'n_jobs': None, 'penalty': 'l2', 'random_state': 42, 'solver': 'lbfgs', 'tol': 0.0001, 'verbose': 0, 'warm_start': False}",0.5171809196472168
Coffee,4,5,7,1,KNN,Baseline,N/A,N/A,0.865,0.8739226132927407,"{'algorithm': 'auto', 'leaf_size': 30, 'metric': 'minkowski', 'metric_params': None, 'n_jobs': None, 'n_neighbors': 5, 'p': 2, 'weights': 'uniform'}",0.06460857391357422
Coffee,4,5,7,1,KNN,Tuned_Baseline,N/A,N/A,0.8583333333333333,0.8677681258161586,"{'algorithm': 'auto', 'leaf_size': 30, 'metric': 'chebyshev', 'metric_params': None, 'n_jobs': None, 'n_neighbors': np.int64(11), 'p': 2, 'weights': 'distance'}",0.005788564682006836
Coffee,4,5,7,1,RandomForest,Baseline,N/A,N/A,0.8466666666666667,0.8569374033725236,"{'bootstrap': True, 'ccp_alpha': 0.0, 'class_weight': None, 'criterion': 'gini', 'max_depth': None, 'max_features': 'sqrt', 'max_leaf_nodes': None, 'max_samples': None, 'min_impurity_decrease': 0.0, 'min_samples_leaf': 1, 'min_samples_split': 2, 'min_weight_fraction_leaf': 0.0, 'monotonic_cst': None, 'n_estimators': 100, 'n_jobs': None, 'oob_score': False, 'random_state': 42, 'verbose': 0, 'warm_start': False}",0.2434229850769043
Coffee,4,5,7,1,RandomForest,Tuned_Baseline,N/A,N/A,0.85,0.8600405679513183,"{'bootstrap': True, 'ccp_alpha': 0.0, 'class_weight': None, 'criterion': 'gini', 'max_depth': None, 'max_features': 'sqrt', 'max_leaf_nodes': None, 'max_samples': None, 'min_impurity_decrease': 0.0, 'min_samples_leaf': 1, 'min_samples_split': 5, 'min_weight_fraction_leaf': 0.0, 'monotonic_cst': None, 'n_estimators': 150, 'n_jobs': None, 'oob_score': False, 'random_state': 42, 'verbose': 0, 'warm_start': False}",0.00954580307006836
Coffee,4,5,7,1,LinearSVC,Baseline,N/A,N/A,0.9833333333333333,0.9835412335412336,"{'C': 1.0, 'class_weight': None, 'dual': False, 'fit_intercept': True, 'intercept_scaling': 1, 'loss': 'squared_hinge', 'max_iter': 100, 'multi_class': 'ovr', 'penalty': 'l2', 'random_state': 42, 'tol': 0.0001, 'verbose': 0}",0.005480051040649414
Coffee,4,5,7,1,LinearSVC,Tuned_Baseline,N/A,N/A,0.9683333333333334,0.9691120403232393,"{'C': np.float64(14.38449888287663), 'class_weight': 'balanced', 'dual': False, 'fit_intercept': False, 'intercept_scaling': 1, 'loss': 'squared_hinge', 'max_iter': 100, 'multi_class': 'ovr', 'penalty': 'l2', 'random_state': 42, 'tol': 0.001, 'verbose': 0}",0.0002880096435546875
Coffee,4,5,7,1,LogisticRegression,Baseline,N/A,N/A,0.8366666666666667,0.8475975975975976,"{'C': 1.0, 'class_weight': None, 'dual': False, 'fit_intercept': True, 'intercept_scaling': 1, 'l1_ratio': None, 'max_iter': 100, 'multi_class': 'deprecated', 'n_jobs': None, 'penalty': 'l2', 'random_state': 42, 'solver': 'lbfgs', 'tol': 0.0001, 'verbose': 0, 'warm_start': False}",0.15341949462890625
Coffee,4,5,7,1,LogisticRegression,Tuned_Baseline,N/A,N/A,0.7466666666666667,0.7587301587301587,"{'C': np.float64(0.2069138081114788), 'class_weight': 'balanced', 'dual': False, 'fit_intercept': True, 'intercept_scaling': 1, 'l1_ratio': None, 'max_iter': 100, 'multi_class': 'deprecated', 'n_jobs': None, 'penalty': 'l2', 'random_state': 42, 'solver': 'sag', 'tol': 0.0001, 'verbose': 0, 'warm_start': False}",0.00023555755615234375
Coffee,4,5,7,1,RNN,Tuned_Baseline,N/A,N/A,0.16666666666666666,0.047619047619047616,"{'hidden_size': 64, 'epochs': 10, 'batch_size': 32, 'lr': 0.001}",2.0265579223632812e-05
Coffee,4,5,7,2,KNN,HMM_GMM,1,"{'n_components': 2, 'n_mix': 1, 'covariance_type': 'diag'}",0.8583333333333333,0.8677681258161586,"{'algorithm': 'auto', 'leaf_size': 30, 'metric': 'chebyshev', 'metric_params': None, 'n_jobs': None, 'n_neighbors': np.int64(5), 'p': 2, 'weights': 'uniform'}",0.02521800994873047
Coffee,4,5,7,2,RandomForest,HMM_GMM,1,"{'n_components': 2, 'n_mix': 1, 'covariance_type': 'diag'}",0.8816666666666667,0.8891549226751798,"{'bootstrap': True, 'ccp_alpha': 0.0, 'class_weight': None, 'criterion': 'gini', 'max_depth': None, 'max_features': 'sqrt', 'max_leaf_nodes': None, 'max_samples': None, 'min_impurity_decrease': 0.0, 'min_samples_leaf': 4, 'min_samples_split': 2, 'min_weight_fraction_leaf': 0.0, 'monotonic_cst': None, 'n_estimators': 50, 'n_jobs': None, 'oob_score': False, 'random_state': 42, 'verbose': 0, 'warm_start': False}",0.1673727035522461
Coffee,4,5,7,2,LinearSVC,HMM_GMM,1,"{'n_components': 2, 'n_mix': 1, 'covariance_type': 'diag'}",0.705,0.7166880154468415,"{'C': np.float64(183.29807108324337), 'class_weight': None, 'dual': False, 'fit_intercept': False, 'intercept_scaling': 1, 'loss': 'squared_hinge', 'max_iter': 100, 'multi_class': 'ovr', 'penalty': 'l2', 'random_state': 42, 'tol': 0.001, 'verbose': 0}",0.007081031799316406
Coffee,4,5,7,2,LogisticRegression,HMM_GMM,1,"{'n_components': 2, 'n_mix': 1, 'covariance_type': 'diag'}",0.675,0.6777450594244487,"{'C': np.float64(0.4832930238571752), 'class_weight': 'balanced', 'dual': False, 'fit_intercept': True, 'intercept_scaling': 1, 'l1_ratio': None, 'max_iter': 100, 'multi_class': 'deprecated', 'n_jobs': None, 'penalty': 'l2', 'random_state': 42, 'solver': 'lbfgs', 'tol': 0.0001, 'verbose': 0, 'warm_start': False}",0.17993402481079102
Coffee,4,5,7,2,KNN,HMM_GMM,2,"{'n_components': 2, 'n_mix': 4, 'covariance_type': 'tied'}",0.8816666666666667,0.8892268128730436,"{'algorithm': 'auto', 'leaf_size': 30, 'metric': 'chebyshev', 'metric_params': None, 'n_jobs': None, 'n_neighbors': np.int64(5), 'p': 2, 'weights': 'uniform'}",0.02975177764892578
Coffee,4,5,7,2,RandomForest,HMM_GMM,2,"{'n_components': 2, 'n_mix': 4, 'covariance_type': 'tied'}",0.8566666666666667,0.8662258623348117,"{'bootstrap': True, 'ccp_alpha': 0.0, 'class_weight': 'balanced', 'criterion': 'gini', 'max_depth': None, 'max_features': 'sqrt', 'max_leaf_nodes': None, 'max_samples': None, 'min_impurity_decrease': 0.0, 'min_samples_leaf': 1, 'min_samples_split': 2, 'min_weight_fraction_leaf': 0.0, 'monotonic_cst': None, 'n_estimators': 50, 'n_jobs': None, 'oob_score': False, 'random_state': 42, 'verbose': 0, 'warm_start': False}",0.15722036361694336
Coffee,4,5,7,2,LinearSVC,HMM_GMM,2,"{'n_components': 2, 'n_mix': 4, 'covariance_type': 'tied'}",0.9766666666666667,0.9770889487870621,"{'C': np.float64(33.59818286283781), 'class_weight': 'balanced', 'dual': False, 'fit_intercept': True, 'intercept_scaling': 1, 'loss': 'squared_hinge', 'max_iter': 100, 'multi_class': 'ovr', 'penalty': 'l1', 'random_state': 42, 'tol': 0.001, 'verbose': 0}",0.01830267906188965
Coffee,4,5,7,2,LogisticRegression,HMM_GMM,2,"{'n_components': 2, 'n_mix': 4, 'covariance_type': 'tied'}",0.955,0.9566160020296608,"{'C': np.float64(33.59818286283781), 'class_weight': 'balanced', 'dual': False, 'fit_intercept': True, 'intercept_scaling': 1, 'l1_ratio': None, 'max_iter': 100, 'multi_class': 'deprecated', 'n_jobs': None, 'penalty': 'l1', 'random_state': 42, 'solver': 'saga', 'tol': 0.0001, 'verbose': 0, 'warm_start': False}",0.09888267517089844
Coffee,4,5,7,2,KNN,HMM_GMM,3,"{'n_components': 1, 'n_mix': 3, 'covariance_type': 'diag'}",0.855,0.8646820302789494,"{'algorithm': 'auto', 'leaf_size': 30, 'metric': 'chebyshev', 'metric_params': None, 'n_jobs': None, 'n_neighbors': np.int64(5), 'p': 2, 'weights': 'uniform'}",0.026162385940551758
Coffee,4,5,7,2,RandomForest,HMM_GMM,3,"{'n_components': 1, 'n_mix': 3, 'covariance_type': 'diag'}",0.8433333333333334,0.8538266426465183,"{'bootstrap': True, 'ccp_alpha': 0.0, 'class_weight': 'balanced', 'criterion': 'gini', 'max_depth': 30, 'max_features': 'sqrt', 'max_leaf_nodes': None, 'max_samples': None, 'min_impurity_decrease': 0.0, 'min_samples_leaf': 1, 'min_samples_split': 2, 'min_weight_fraction_leaf': 0.0, 'monotonic_cst': None, 'n_estimators': 150, 'n_jobs': None, 'oob_score': False, 'random_state': 42, 'verbose': 0, 'warm_start': False}",0.4787759780883789
Coffee,4,5,7,2,LinearSVC,HMM_GMM,3,"{'n_components': 1, 'n_mix': 3, 'covariance_type': 'diag'}",0.6716666666666666,0.6736677605875918,"{'C': np.float64(2.6366508987303554), 'class_weight': 'balanced', 'dual': False, 'fit_intercept': True, 'intercept_scaling': 1, 'loss': 'squared_hinge', 'max_iter': 100, 'multi_class': 'ovr', 'penalty': 'l1', 'random_state': 42, 'tol': 0.0001, 'verbose': 0}",0.022286415100097656
Coffee,4,5,7,2,LogisticRegression,HMM_GMM,3,"{'n_components': 1, 'n_mix': 3, 'covariance_type': 'diag'}",0.67,0.6708167704192605,"{'C': np.float64(2.6366508987303554), 'class_weight': 'balanced', 'dual': False, 'fit_intercept': True, 'intercept_scaling': 1, 'l1_ratio': None, 'max_iter': 100, 'multi_class': 'deprecated', 'n_jobs': None, 'penalty': 'l1', 'random_state': 42, 'solver': 'saga', 'tol': 0.0001, 'verbose': 0, 'warm_start': False}",0.09807610511779785
Coffee,4,5,7,2,KNN,HMM_GMM,4,"{'n_components': 4, 'n_mix': 3, 'covariance_type': 'diag'}",0.855,0.8645820085779207,"{'algorithm': 'auto', 'leaf_size': 30, 'metric': 'chebyshev', 'metric_params': None, 'n_jobs': None, 'n_neighbors': np.int64(5), 'p': 2, 'weights': 'uniform'}",0.025146961212158203
Coffee,4,5,7,2,RandomForest,HMM_GMM,4,"{'n_components': 4, 'n_mix': 3, 'covariance_type': 'diag'}",0.8533333333333334,0.8631365740740741,"{'bootstrap': True, 'ccp_alpha': 0.0, 'class_weight': 'balanced', 'criterion': 'gini', 'max_depth': None, 'max_features': 'sqrt', 'max_leaf_nodes': None, 'max_samples': None, 'min_impurity_decrease': 0.0, 'min_samples_leaf': 1, 'min_samples_split': 2, 'min_weight_fraction_leaf': 0.0, 'monotonic_cst': None, 'n_estimators': 50, 'n_jobs': None, 'oob_score': False, 'random_state': 42, 'verbose': 0, 'warm_start': False}",0.1801619529724121
Coffee,4,5,7,2,LinearSVC,HMM_GMM,4,"{'n_components': 4, 'n_mix': 3, 'covariance_type': 'diag'}",0.9633333333333334,0.9642800844919448,"{'C': np.float64(33.59818286283781), 'class_weight': 'balanced', 'dual': False, 'fit_intercept': True, 'intercept_scaling': 1, 'loss': 'squared_hinge', 'max_iter': 100, 'multi_class': 'ovr', 'penalty': 'l1', 'random_state': 42, 'tol': 0.0001, 'verbose': 0}",0.019640684127807617
Coffee,4,5,7,2,LogisticRegression,HMM_GMM,4,"{'n_components': 4, 'n_mix': 3, 'covariance_type': 'diag'}",0.8433333333333334,0.8538201487491548,"{'C': np.float64(1000.0), 'class_weight': 'balanced', 'dual': False, 'fit_intercept': True, 'intercept_scaling': 1, 'l1_ratio': None, 'max_iter': 100, 'multi_class': 'deprecated', 'n_jobs': None, 'penalty': 'l2', 'random_state': 42, 'solver': 'sag', 'tol': 0.0001, 'verbose': 0, 'warm_start': False}",0.07412528991699219
Coffee,4,5,7,2,KNN,HMM_GMM,5,"{'n_components': 1, 'n_mix': 1, 'covariance_type': 'tied'}",0.8833333333333333,0.8907523876077335,"{'algorithm': 'auto', 'leaf_size': 30, 'metric': 'euclidean', 'metric_params': None, 'n_jobs': None, 'n_neighbors': np.int64(9), 'p': 2, 'weights': 'distance'}",0.009305953979492188
Coffee,4,5,7,2,RandomForest,HMM_GMM,5,"{'n_components': 1, 'n_mix': 1, 'covariance_type': 'tied'}",0.8833333333333333,0.8907523876077335,"{'bootstrap': True, 'ccp_alpha': 0.0, 'class_weight': None, 'criterion': 'gini', 'max_depth': None, 'max_features': 'sqrt', 'max_leaf_nodes': None, 'max_samples': None, 'min_impurity_decrease': 0.0, 'min_samples_leaf': 4, 'min_samples_split': 10, 'min_weight_fraction_leaf': 0.0, 'monotonic_cst': None, 'n_estimators': 50, 'n_jobs': None, 'oob_score': False, 'random_state': 42, 'verbose': 0, 'warm_start': False}",0.17054176330566406
Coffee,4,5,7,2,LinearSVC,HMM_GMM,5,"{'n_components': 1, 'n_mix': 1, 'covariance_type': 'tied'}",0.9883333333333333,0.9884617369037046,"{'C': np.float64(1000.0), 'class_weight': 'balanced', 'dual': False, 'fit_intercept': True, 'intercept_scaling': 1, 'loss': 'squared_hinge', 'max_iter': 100, 'multi_class': 'ovr', 'penalty': 'l2', 'random_state': 42, 'tol': 0.001, 'verbose': 0}",0.01014089584350586
Coffee,4,5,7,2,LogisticRegression,HMM_GMM,5,"{'n_components': 1, 'n_mix': 1, 'covariance_type': 'tied'}",0.945,0.9471922336597205,"{'C': np.float64(6.1584821106602545), 'class_weight': 'balanced', 'dual': False, 'fit_intercept': False, 'intercept_scaling': 1, 'l1_ratio': None, 'max_iter': 100, 'multi_class': 'deprecated', 'n_jobs': None, 'penalty': 'l2', 'random_state': 42, 'solver': 'lbfgs', 'tol': 0.0001, 'verbose': 0, 'warm_start': False}",0.04587125778198242
Coffee,4,5,7,2,KNN,HMM_GMM,6,"{'n_components': 4, 'n_mix': 3, 'covariance_type': 'diag'}",0.855,0.8645820085779207,"{'algorithm': 'auto', 'leaf_size': 30, 'metric': 'chebyshev', 'metric_params': None, 'n_jobs': None, 'n_neighbors': np.int64(5), 'p': 2, 'weights': 'uniform'}",0.025052309036254883
Coffee,4,5,7,2,RandomForest,HMM_GMM,6,"{'n_components': 4, 'n_mix': 3, 'covariance_type': 'diag'}",0.8466666666666667,0.8569374033725236,"{'bootstrap': True, 'ccp_alpha': 0.0, 'class_weight': 'balanced', 'criterion': 'gini', 'max_depth': None, 'max_features': 'sqrt', 'max_leaf_nodes': None, 'max_samples': None, 'min_impurity_decrease': 0.0, 'min_samples_leaf': 1, 'min_samples_split': 2, 'min_weight_fraction_leaf': 0.0, 'monotonic_cst': None, 'n_estimators': 50, 'n_jobs': None, 'oob_score': False, 'random_state': 42, 'verbose': 0, 'warm_start': False}",0.15903496742248535
Coffee,4,5,7,2,LinearSVC,HMM_GMM,6,"{'n_components': 4, 'n_mix': 3, 'covariance_type': 'diag'}",0.9633333333333334,0.9642800844919448,"{'C': np.float64(33.59818286283781), 'class_weight': 'balanced', 'dual': False, 'fit_intercept': True, 'intercept_scaling': 1, 'loss': 'squared_hinge', 'max_iter': 100, 'multi_class': 'ovr', 'penalty': 'l1', 'random_state': 42, 'tol': 0.0001, 'verbose': 0}",0.017416715621948242
Coffee,4,5,7,2,LogisticRegression,HMM_GMM,6,"{'n_components': 4, 'n_mix': 3, 'covariance_type': 'diag'}",0.8433333333333334,0.8538201487491548,"{'C': np.float64(1000.0), 'class_weight': 'balanced', 'dual': False, 'fit_intercept': True, 'intercept_scaling': 1, 'l1_ratio': None, 'max_iter': 100, 'multi_class': 'deprecated', 'n_jobs': None, 'penalty': 'l2', 'random_state': 42, 'solver': 'sag', 'tol': 0.0001, 'verbose': 0, 'warm_start': False}",0.06788897514343262
Coffee,4,5,7,2,KNN,HMM_GMM,7,"{'n_components': 2, 'n_mix': 5, 'covariance_type': 'diag'}",0.91,0.9151163796833088,"{'algorithm': 'auto', 'leaf_size': 30, 'metric': 'euclidean', 'metric_params': None, 'n_jobs': None, 'n_neighbors': np.int64(9), 'p': 2, 'weights': 'distance'}",0.008907556533813477
Coffee,4,5,7,2,RandomForest,HMM_GMM,7,"{'n_components': 2, 'n_mix': 5, 'covariance_type': 'diag'}",0.8933333333333333,0.8998944670586461,"{'bootstrap': True, 'ccp_alpha': 0.0, 'class_weight': None, 'criterion': 'gini', 'max_depth': None, 'max_features': 'sqrt', 'max_leaf_nodes': None, 'max_samples': None, 'min_impurity_decrease': 0.0, 'min_samples_leaf': 4, 'min_samples_split': 10, 'min_weight_fraction_leaf': 0.0, 'monotonic_cst': None, 'n_estimators': 50, 'n_jobs': None, 'oob_score': False, 'random_state': 42, 'verbose': 0, 'warm_start': False}",0.15633201599121094
Coffee,4,5,7,2,LinearSVC,HMM_GMM,7,"{'n_components': 2, 'n_mix': 5, 'covariance_type': 'diag'}",0.8683333333333333,0.8769410947210506,"{'C': np.float64(0.4832930238571752), 'class_weight': 'balanced', 'dual': False, 'fit_intercept': True, 'intercept_scaling': 1, 'loss': 'squared_hinge', 'max_iter': 100, 'multi_class': 'ovr', 'penalty': 'l2', 'random_state': 42, 'tol': 0.0001, 'verbose': 0}",0.010613441467285156
Coffee,4,5,7,2,LogisticRegression,HMM_GMM,7,"{'n_components': 2, 'n_mix': 5, 'covariance_type': 'diag'}",0.69,0.6950514380115641,"{'C': np.float64(0.4832930238571752), 'class_weight': 'balanced', 'dual': False, 'fit_intercept': True, 'intercept_scaling': 1, 'l1_ratio': None, 'max_iter': 100, 'multi_class': 'deprecated', 'n_jobs': None, 'penalty': 'l1', 'random_state': 42, 'solver': 'saga', 'tol': 0.0001, 'verbose': 0, 'warm_start': False}",0.08820819854736328
Coffee,4,5,7,2,KNN,HMM_GMM,8,"{'n_components': 1, 'n_mix': 3, 'covariance_type': 'full'}",0.8616666666666667,0.8708481704497041,"{'algorithm': 'auto', 'leaf_size': 30, 'metric': 'chebyshev', 'metric_params': None, 'n_jobs': None, 'n_neighbors': np.int64(5), 'p': 2, 'weights': 'uniform'}",0.024816274642944336
Coffee,4,5,7,2,RandomForest,HMM_GMM,8,"{'n_components': 1, 'n_mix': 3, 'covariance_type': 'full'}",0.8766666666666667,0.8846456292266844,"{'bootstrap': True, 'ccp_alpha': 0.0, 'class_weight': 'balanced', 'criterion': 'gini', 'max_depth': 20, 'max_features': 'sqrt', 'max_leaf_nodes': None, 'max_samples': None, 'min_impurity_decrease': 0.0, 'min_samples_leaf': 1, 'min_samples_split': 2, 'min_weight_fraction_leaf': 0.0, 'monotonic_cst': None, 'n_estimators': 50, 'n_jobs': None, 'oob_score': False, 'random_state': 42, 'verbose': 0, 'warm_start': False}",0.1608884334564209
Coffee,4,5,7,2,LinearSVC,HMM_GMM,8,"{'n_components': 1, 'n_mix': 3, 'covariance_type': 'full'}",0.9666666666666667,0.9675273495381316,"{'C': np.float64(183.29807108324337), 'class_weight': None, 'dual': False, 'fit_intercept': True, 'intercept_scaling': 1, 'loss': 'squared_hinge', 'max_iter': 100, 'multi_class': 'ovr', 'penalty': 'l1', 'random_state': 42, 'tol': 0.001, 'verbose': 0}",0.019442081451416016
Coffee,4,5,7,2,LogisticRegression,HMM_GMM,8,"{'n_components': 1, 'n_mix': 3, 'covariance_type': 'full'}",0.9516666666666667,0.9534023725503764,"{'C': np.float64(1000.0), 'class_weight': 'balanced', 'dual': False, 'fit_intercept': True, 'intercept_scaling': 1, 'l1_ratio': None, 'max_iter': 100, 'multi_class': 'deprecated', 'n_jobs': None, 'penalty': 'l2', 'random_state': 42, 'solver': 'sag', 'tol': 0.0001, 'verbose': 0, 'warm_start': False}",0.06670761108398438
Coffee,4,5,7,2,KNN,HMM_GMM,9,"{'n_components': 5, 'n_mix': 1, 'covariance_type': 'diag'}",0.8616666666666667,0.8708481704497041,"{'algorithm': 'auto', 'leaf_size': 30, 'metric': 'chebyshev', 'metric_params': None, 'n_jobs': None, 'n_neighbors': np.int64(5), 'p': 2, 'weights': 'uniform'}",0.02668929100036621
Coffee,4,5,7,2,RandomForest,HMM_GMM,9,"{'n_components': 5, 'n_mix': 1, 'covariance_type': 'diag'}",0.8666666666666667,0.8754578754578755,"{'bootstrap': True, 'ccp_alpha': 0.0, 'class_weight': 'balanced', 'criterion': 'gini', 'max_depth': 30, 'max_features': 'sqrt', 'max_leaf_nodes': None, 'max_samples': None, 'min_impurity_decrease': 0.0, 'min_samples_leaf': 1, 'min_samples_split': 2, 'min_weight_fraction_leaf': 0.0, 'monotonic_cst': None, 'n_estimators': 150, 'n_jobs': None, 'oob_score': False, 'random_state': 42, 'verbose': 0, 'warm_start': False}",0.4739115238189697
Coffee,4,5,7,2,LinearSVC,HMM_GMM,9,"{'n_components': 5, 'n_mix': 1, 'covariance_type': 'diag'}",0.815,0.8270948266202651,"{'C': np.float64(33.59818286283781), 'class_weight': 'balanced', 'dual': False, 'fit_intercept': True, 'intercept_scaling': 1, 'loss': 'squared_hinge', 'max_iter': 100, 'multi_class': 'ovr', 'penalty': 'l1', 'random_state': 42, 'tol': 0.0001, 'verbose': 0}",0.022656917572021484
Coffee,4,5,7,2,LogisticRegression,HMM_GMM,9,"{'n_components': 5, 'n_mix': 1, 'covariance_type': 'diag'}",0.7283333333333334,0.7390968729821197,"{'C': np.float64(1000.0), 'class_weight': 'balanced', 'dual': False, 'fit_intercept': True, 'intercept_scaling': 1, 'l1_ratio': None, 'max_iter': 100, 'multi_class': 'deprecated', 'n_jobs': None, 'penalty': 'l2', 'random_state': 42, 'solver': 'sag', 'tol': 0.0001, 'verbose': 0, 'warm_start': False}",0.06701397895812988
Coffee,4,5,7,2,KNN,HMM_GMM,10,"{'n_components': 3, 'n_mix': 5, 'covariance_type': 'diag'}",0.855,0.8646820302789494,"{'algorithm': 'auto', 'leaf_size': 30, 'metric': 'chebyshev', 'metric_params': None, 'n_jobs': None, 'n_neighbors': np.int64(5), 'p': 2, 'weights': 'uniform'}",0.03036808967590332
Coffee,4,5,7,2,RandomForest,HMM_GMM,10,"{'n_components': 3, 'n_mix': 5, 'covariance_type': 'diag'}",0.88,0.8877005347593583,"{'bootstrap': True, 'ccp_alpha': 0.0, 'class_weight': 'balanced', 'criterion': 'gini', 'max_depth': None, 'max_features': 'sqrt', 'max_leaf_nodes': None, 'max_samples': None, 'min_impurity_decrease': 0.0, 'min_samples_leaf': 1, 'min_samples_split': 2, 'min_weight_fraction_leaf': 0.0, 'monotonic_cst': None, 'n_estimators': 50, 'n_jobs': None, 'oob_score': False, 'random_state': 42, 'verbose': 0, 'warm_start': False}",0.1769096851348877
Coffee,4,5,7,2,LinearSVC,HMM_GMM,10,"{'n_components': 3, 'n_mix': 5, 'covariance_type': 'diag'}",0.7733333333333333,0.7862129817617982,"{'C': np.float64(33.59818286283781), 'class_weight': 'balanced', 'dual': False, 'fit_intercept': True, 'intercept_scaling': 1, 'loss': 'squared_hinge', 'max_iter': 100, 'multi_class': 'ovr', 'penalty': 'l1', 'random_state': 42, 'tol': 0.0001, 'verbose': 0}",0.022432804107666016
Coffee,4,5,7,2,LogisticRegression,HMM_GMM,10,"{'n_components': 3, 'n_mix': 5, 'covariance_type': 'diag'}",0.8233333333333334,0.8350311262026033,"{'C': np.float64(1000.0), 'class_weight': 'balanced', 'dual': False, 'fit_intercept': True, 'intercept_scaling': 1, 'l1_ratio': None, 'max_iter': 100, 'multi_class': 'deprecated', 'n_jobs': None, 'penalty': 'l2', 'random_state': 42, 'solver': 'sag', 'tol': 0.0001, 'verbose': 0, 'warm_start': False}",0.08258748054504395
Coffee,4,5,7,3,KNN,HMM_GMM,1,"{'n_components': 2, 'n_mix': 1, 'covariance_type': 'diag'}",0.8583333333333333,0.8677681258161586,"{'algorithm': 'auto', 'leaf_size': 30, 'metric': 'minkowski', 'metric_params': None, 'n_jobs': None, 'n_neighbors': np.int64(13), 'p': 4, 'weights': 'distance'}",0.04268836975097656
Coffee,4,5,7,3,RandomForest,HMM_GMM,1,"{'n_components': 2, 'n_mix': 1, 'covariance_type': 'diag'}",0.8366666666666667,0.8475805948465646,"{'bootstrap': True, 'ccp_alpha': 0.0, 'class_weight': 'balanced', 'criterion': 'gini', 'max_depth': None, 'max_features': 'sqrt', 'max_leaf_nodes': None, 'max_samples': None, 'min_impurity_decrease': 0.0, 'min_samples_leaf': 1, 'min_samples_split': 2, 'min_weight_fraction_leaf': 0.0, 'monotonic_cst': None, 'n_estimators': 50, 'n_jobs': None, 'oob_score': False, 'random_state': 42, 'verbose': 0, 'warm_start': False}",0.2074909210205078
Coffee,4,5,7,3,LinearSVC,HMM_GMM,1,"{'n_components': 2, 'n_mix': 1, 'covariance_type': 'diag'}",0.7033333333333334,0.7123069708237029,"{'C': np.float64(2.6366508987303554), 'class_weight': 'balanced', 'dual': False, 'fit_intercept': True, 'intercept_scaling': 1, 'loss': 'squared_hinge', 'max_iter': 100, 'multi_class': 'ovr', 'penalty': 'l1', 'random_state': 42, 'tol': 0.0001, 'verbose': 0}",0.027543067932128906
Coffee,4,5,7,3,LogisticRegression,HMM_GMM,1,"{'n_components': 2, 'n_mix': 1, 'covariance_type': 'diag'}",0.6716666666666666,0.6744398805467507,"{'C': np.float64(2.6366508987303554), 'class_weight': 'balanced', 'dual': False, 'fit_intercept': True, 'intercept_scaling': 1, 'l1_ratio': None, 'max_iter': 100, 'multi_class': 'deprecated', 'n_jobs': None, 'penalty': 'l1', 'random_state': 42, 'solver': 'saga', 'tol': 0.0001, 'verbose': 0, 'warm_start': False}",0.1419360637664795
Coffee,4,5,7,3,KNN,HMM_GMM,2,"{'n_components': 2, 'n_mix': 4, 'covariance_type': 'tied'}",0.8783333333333333,0.8861734933841194,"{'algorithm': 'auto', 'leaf_size': 30, 'metric': 'minkowski', 'metric_params': None, 'n_jobs': None, 'n_neighbors': np.int64(13), 'p': 4, 'weights': 'distance'}",0.03676128387451172
Coffee,4,5,7,3,RandomForest,HMM_GMM,2,"{'n_components': 2, 'n_mix': 4, 'covariance_type': 'tied'}",0.8533333333333334,0.8631365740740741,"{'bootstrap': True, 'ccp_alpha': 0.0, 'class_weight': 'balanced', 'criterion': 'gini', 'max_depth': None, 'max_features': 'sqrt', 'max_leaf_nodes': None, 'max_samples': None, 'min_impurity_decrease': 0.0, 'min_samples_leaf': 1, 'min_samples_split': 2, 'min_weight_fraction_leaf': 0.0, 'monotonic_cst': None, 'n_estimators': 50, 'n_jobs': None, 'oob_score': False, 'random_state': 42, 'verbose': 0, 'warm_start': False}",0.1969437599182129
Coffee,4,5,7,3,LinearSVC,HMM_GMM,2,"{'n_components': 2, 'n_mix': 4, 'covariance_type': 'tied'}",0.975,0.9754860794522957,"{'C': np.float64(183.29807108324337), 'class_weight': None, 'dual': False, 'fit_intercept': True, 'intercept_scaling': 1, 'loss': 'squared_hinge', 'max_iter': 100, 'multi_class': 'ovr', 'penalty': 'l1', 'random_state': 42, 'tol': 0.001, 'verbose': 0}",0.03072333335876465
Coffee,4,5,7,3,LogisticRegression,HMM_GMM,2,"{'n_components': 2, 'n_mix': 4, 'covariance_type': 'tied'}",0.9616666666666667,0.9628794885146355,"{'C': np.float64(33.59818286283781), 'class_weight': 'balanced', 'dual': False, 'fit_intercept': True, 'intercept_scaling': 1, 'l1_ratio': None, 'max_iter': 100, 'multi_class': 'deprecated', 'n_jobs': None, 'penalty': 'l1', 'random_state': 42, 'solver': 'saga', 'tol': 0.0001, 'verbose': 0, 'warm_start': False}",0.15329909324645996
Coffee,4,5,7,3,KNN,HMM_GMM,3,"{'n_components': 1, 'n_mix': 3, 'covariance_type': 'diag'}",0.8566666666666667,0.8658035549168356,"{'algorithm': 'auto', 'leaf_size': 30, 'metric': 'minkowski', 'metric_params': None, 'n_jobs': None, 'n_neighbors': np.int64(13), 'p': 4, 'weights': 'distance'}",0.043602943420410156
Coffee,4,5,7,3,RandomForest,HMM_GMM,3,"{'n_components': 1, 'n_mix': 3, 'covariance_type': 'diag'}",0.8466666666666667,0.8569374033725236,"{'bootstrap': True, 'ccp_alpha': 0.0, 'class_weight': 'balanced', 'criterion': 'gini', 'max_depth': None, 'max_features': 'sqrt', 'max_leaf_nodes': None, 'max_samples': None, 'min_impurity_decrease': 0.0, 'min_samples_leaf': 2, 'min_samples_split': 2, 'min_weight_fraction_leaf': 0.0, 'monotonic_cst': None, 'n_estimators': 150, 'n_jobs': None, 'oob_score': False, 'random_state': 42, 'verbose': 0, 'warm_start': False}",0.53420090675354
Coffee,4,5,7,3,LinearSVC,HMM_GMM,3,"{'n_components': 1, 'n_mix': 3, 'covariance_type': 'diag'}",0.6766666666666666,0.6790194460420262,"{'C': np.float64(0.2069138081114788), 'class_weight': 'balanced', 'dual': False, 'fit_intercept': True, 'intercept_scaling': 1, 'loss': 'squared_hinge', 'max_iter': 100, 'multi_class': 'ovr', 'penalty': 'l2', 'random_state': 42, 'tol': 0.001, 'verbose': 0}",0.009727001190185547
Coffee,4,5,7,3,LogisticRegression,HMM_GMM,3,"{'n_components': 1, 'n_mix': 3, 'covariance_type': 'diag'}",0.6683333333333333,0.6687458463282062,"{'C': np.float64(2.6366508987303554), 'class_weight': 'balanced', 'dual': False, 'fit_intercept': True, 'intercept_scaling': 1, 'l1_ratio': None, 'max_iter': 100, 'multi_class': 'deprecated', 'n_jobs': None, 'penalty': 'l1', 'random_state': 42, 'solver': 'saga', 'tol': 0.0001, 'verbose': 0, 'warm_start': False}",0.17481184005737305
Coffee,4,5,7,3,KNN,HMM_GMM,4,"{'n_components': 4, 'n_mix': 3, 'covariance_type': 'diag'}",0.855,0.8645820085779207,"{'algorithm': 'auto', 'leaf_size': 30, 'metric': 'chebyshev', 'metric_params': None, 'n_jobs': None, 'n_neighbors': np.int64(5), 'p': 2, 'weights': 'uniform'}",0.02587747573852539
Coffee,4,5,7,3,RandomForest,HMM_GMM,4,"{'n_components': 4, 'n_mix': 3, 'covariance_type': 'diag'}",0.8566666666666667,0.8662258623348117,"{'bootstrap': True, 'ccp_alpha': 0.0, 'class_weight': 'balanced', 'criterion': 'gini', 'max_depth': None, 'max_features': 'sqrt', 'max_leaf_nodes': None, 'max_samples': None, 'min_impurity_decrease': 0.0, 'min_samples_leaf': 1, 'min_samples_split': 2, 'min_weight_fraction_leaf': 0.0, 'monotonic_cst': None, 'n_estimators': 50, 'n_jobs': None, 'oob_score': False, 'random_state': 42, 'verbose': 0, 'warm_start': False}",0.16892313957214355
Coffee,4,5,7,3,LinearSVC,HMM_GMM,4,"{'n_components': 4, 'n_mix': 3, 'covariance_type': 'diag'}",0.9416666666666667,0.9439917629724308,"{'C': np.float64(2.6366508987303554), 'class_weight': 'balanced', 'dual': False, 'fit_intercept': True, 'intercept_scaling': 1, 'loss': 'squared_hinge', 'max_iter': 100, 'multi_class': 'ovr', 'penalty': 'l1', 'random_state': 42, 'tol': 0.0001, 'verbose': 0}",0.02504873275756836
Coffee,4,5,7,3,LogisticRegression,HMM_GMM,4,"{'n_components': 4, 'n_mix': 3, 'covariance_type': 'diag'}",0.8183333333333334,0.8303361483689352,"{'C': np.float64(33.59818286283781), 'class_weight': 'balanced', 'dual': False, 'fit_intercept': True, 'intercept_scaling': 1, 'l1_ratio': None, 'max_iter': 100, 'multi_class': 'deprecated', 'n_jobs': None, 'penalty': 'l1', 'random_state': 42, 'solver': 'saga', 'tol': 0.0001, 'verbose': 0, 'warm_start': False}",0.14488816261291504
Coffee,4,5,7,3,KNN,HMM_GMM,5,"{'n_components': 1, 'n_mix': 1, 'covariance_type': 'tied'}",0.8833333333333333,0.8907523876077335,"{'algorithm': 'auto', 'leaf_size': 30, 'metric': 'euclidean', 'metric_params': None, 'n_jobs': None, 'n_neighbors': np.int64(9), 'p': 2, 'weights': 'distance'}",0.010845661163330078
Coffee,4,5,7,3,RandomForest,HMM_GMM,5,"{'n_components': 1, 'n_mix': 1, 'covariance_type': 'tied'}",0.8483333333333334,0.8584899078893773,"{'bootstrap': True, 'ccp_alpha': 0.0, 'class_weight': 'balanced', 'criterion': 'gini', 'max_depth': 20, 'max_features': 'sqrt', 'max_leaf_nodes': None, 'max_samples': None, 'min_impurity_decrease': 0.0, 'min_samples_leaf': 2, 'min_samples_split': 10, 'min_weight_fraction_leaf': 0.0, 'monotonic_cst': None, 'n_estimators': 150, 'n_jobs': None, 'oob_score': False, 'random_state': 42, 'verbose': 0, 'warm_start': False}",0.5736324787139893
Coffee,4,5,7,3,LinearSVC,HMM_GMM,5,"{'n_components': 1, 'n_mix': 1, 'covariance_type': 'tied'}",0.935,0.9379379604439748,"{'C': np.float64(2.6366508987303554), 'class_weight': 'balanced', 'dual': False, 'fit_intercept': True, 'intercept_scaling': 1, 'loss': 'squared_hinge', 'max_iter': 100, 'multi_class': 'ovr', 'penalty': 'l1', 'random_state': 42, 'tol': 0.0001, 'verbose': 0}",0.033612966537475586
Coffee,4,5,7,3,LogisticRegression,HMM_GMM,5,"{'n_components': 1, 'n_mix': 1, 'covariance_type': 'tied'}",0.89,0.8968488637323647,"{'C': np.float64(2.6366508987303554), 'class_weight': 'balanced', 'dual': False, 'fit_intercept': True, 'intercept_scaling': 1, 'l1_ratio': None, 'max_iter': 100, 'multi_class': 'deprecated', 'n_jobs': None, 'penalty': 'l1', 'random_state': 42, 'solver': 'saga', 'tol': 0.0001, 'verbose': 0, 'warm_start': False}",0.14347243309020996
Coffee,4,5,7,3,KNN,HMM_GMM,6,"{'n_components': 4, 'n_mix': 3, 'covariance_type': 'diag'}",0.855,0.8645820085779207,"{'algorithm': 'auto', 'leaf_size': 30, 'metric': 'chebyshev', 'metric_params': None, 'n_jobs': None, 'n_neighbors': np.int64(5), 'p': 2, 'weights': 'uniform'}",0.03354477882385254
Coffee,4,5,7,3,RandomForest,HMM_GMM,6,"{'n_components': 4, 'n_mix': 3, 'covariance_type': 'diag'}",0.865,0.8739226132927407,"{'bootstrap': True, 'ccp_alpha': 0.0, 'class_weight': 'balanced', 'criterion': 'gini', 'max_depth': None, 'max_features': 'sqrt', 'max_leaf_nodes': None, 'max_samples': None, 'min_impurity_decrease': 0.0, 'min_samples_leaf': 1, 'min_samples_split': 2, 'min_weight_fraction_leaf': 0.0, 'monotonic_cst': None, 'n_estimators': 50, 'n_jobs': None, 'oob_score': False, 'random_state': 42, 'verbose': 0, 'warm_start': False}",0.1858820915222168
Coffee,4,5,7,3,LinearSVC,HMM_GMM,6,"{'n_components': 4, 'n_mix': 3, 'covariance_type': 'diag'}",0.9416666666666667,0.9439917629724308,"{'C': np.float64(2.6366508987303554), 'class_weight': 'balanced', 'dual': False, 'fit_intercept': True, 'intercept_scaling': 1, 'loss': 'squared_hinge', 'max_iter': 100, 'multi_class': 'ovr', 'penalty': 'l1', 'random_state': 42, 'tol': 0.0001, 'verbose': 0}",0.026117801666259766
Coffee,4,5,7,3,LogisticRegression,HMM_GMM,6,"{'n_components': 4, 'n_mix': 3, 'covariance_type': 'diag'}",0.8183333333333334,0.8303361483689352,"{'C': np.float64(33.59818286283781), 'class_weight': 'balanced', 'dual': False, 'fit_intercept': True, 'intercept_scaling': 1, 'l1_ratio': None, 'max_iter': 100, 'multi_class': 'deprecated', 'n_jobs': None, 'penalty': 'l1', 'random_state': 42, 'solver': 'saga', 'tol': 0.0001, 'verbose': 0, 'warm_start': False}",0.1430370807647705
Coffee,4,5,7,3,KNN,HMM_GMM,7,"{'n_components': 2, 'n_mix': 5, 'covariance_type': 'diag'}",0.91,0.9151163796833088,"{'algorithm': 'auto', 'leaf_size': 30, 'metric': 'minkowski', 'metric_params': None, 'n_jobs': None, 'n_neighbors': np.int64(13), 'p': 4, 'weights': 'distance'}",0.03699636459350586
Coffee,4,5,7,3,RandomForest,HMM_GMM,7,"{'n_components': 2, 'n_mix': 5, 'covariance_type': 'diag'}",0.9183333333333333,0.9227375321005741,"{'bootstrap': True, 'ccp_alpha': 0.0, 'class_weight': 'balanced', 'criterion': 'gini', 'max_depth': None, 'max_features': 'sqrt', 'max_leaf_nodes': None, 'max_samples': None, 'min_impurity_decrease': 0.0, 'min_samples_leaf': 1, 'min_samples_split': 2, 'min_weight_fraction_leaf': 0.0, 'monotonic_cst': None, 'n_estimators': 50, 'n_jobs': None, 'oob_score': False, 'random_state': 42, 'verbose': 0, 'warm_start': False}",0.17774748802185059
Coffee,4,5,7,3,LinearSVC,HMM_GMM,7,"{'n_components': 2, 'n_mix': 5, 'covariance_type': 'diag'}",0.7766666666666666,0.7897700408338706,"{'C': np.float64(33.59818286283781), 'class_weight': None, 'dual': False, 'fit_intercept': True, 'intercept_scaling': 1, 'loss': 'squared_hinge', 'max_iter': 100, 'multi_class': 'ovr', 'penalty': 'l1', 'random_state': 42, 'tol': 0.001, 'verbose': 0}",0.02311229705810547
Coffee,4,5,7,3,LogisticRegression,HMM_GMM,7,"{'n_components': 2, 'n_mix': 5, 'covariance_type': 'diag'}",0.6883333333333334,0.6930737257895319,"{'C': np.float64(1000.0), 'class_weight': 'balanced', 'dual': False, 'fit_intercept': True, 'intercept_scaling': 1, 'l1_ratio': None, 'max_iter': 100, 'multi_class': 'deprecated', 'n_jobs': None, 'penalty': 'l2', 'random_state': 42, 'solver': 'sag', 'tol': 0.0001, 'verbose': 0, 'warm_start': False}",0.10227227210998535
Coffee,4,5,7,3,KNN,HMM_GMM,8,"{'n_components': 1, 'n_mix': 3, 'covariance_type': 'full'}",0.8616666666666667,0.8708481704497041,"{'algorithm': 'auto', 'leaf_size': 30, 'metric': 'chebyshev', 'metric_params': None, 'n_jobs': None, 'n_neighbors': np.int64(5), 'p': 2, 'weights': 'uniform'}",0.027454614639282227
Coffee,4,5,7,3,RandomForest,HMM_GMM,8,"{'n_components': 1, 'n_mix': 3, 'covariance_type': 'full'}",0.885,0.8922773192195408,"{'bootstrap': True, 'ccp_alpha': 0.0, 'class_weight': 'balanced', 'criterion': 'gini', 'max_depth': None, 'max_features': 'sqrt', 'max_leaf_nodes': None, 'max_samples': None, 'min_impurity_decrease': 0.0, 'min_samples_leaf': 1, 'min_samples_split': 2, 'min_weight_fraction_leaf': 0.0, 'monotonic_cst': None, 'n_estimators': 50, 'n_jobs': None, 'oob_score': False, 'random_state': 42, 'verbose': 0, 'warm_start': False}",0.20986270904541016
Coffee,4,5,7,3,LinearSVC,HMM_GMM,8,"{'n_components': 1, 'n_mix': 3, 'covariance_type': 'full'}",0.9533333333333334,0.9549607885459386,"{'C': np.float64(33.59818286283781), 'class_weight': 'balanced', 'dual': False, 'fit_intercept': True, 'intercept_scaling': 1, 'loss': 'squared_hinge', 'max_iter': 100, 'multi_class': 'ovr', 'penalty': 'l1', 'random_state': 42, 'tol': 0.0001, 'verbose': 0}",0.03516411781311035
Coffee,4,5,7,3,LogisticRegression,HMM_GMM,8,"{'n_components': 1, 'n_mix': 3, 'covariance_type': 'full'}",0.9283333333333333,0.9318012554527078,"{'C': np.float64(2.6366508987303554), 'class_weight': 'balanced', 'dual': False, 'fit_intercept': True, 'intercept_scaling': 1, 'l1_ratio': None, 'max_iter': 100, 'multi_class': 'deprecated', 'n_jobs': None, 'penalty': 'l1', 'random_state': 42, 'solver': 'saga', 'tol': 0.0001, 'verbose': 0, 'warm_start': False}",0.15355134010314941
Coffee,4,5,7,3,KNN,HMM_GMM,9,"{'n_components': 5, 'n_mix': 1, 'covariance_type': 'diag'}",0.8616666666666667,0.8708481704497041,"{'algorithm': 'auto', 'leaf_size': 30, 'metric': 'chebyshev', 'metric_params': None, 'n_jobs': None, 'n_neighbors': np.int64(5), 'p': 2, 'weights': 'uniform'}",0.027652978897094727
Coffee,4,5,7,3,RandomForest,HMM_GMM,9,"{'n_components': 5, 'n_mix': 1, 'covariance_type': 'diag'}",0.855,0.8646820302789494,"{'bootstrap': True, 'ccp_alpha': 0.0, 'class_weight': 'balanced', 'criterion': 'gini', 'max_depth': 20, 'max_features': 'sqrt', 'max_leaf_nodes': None, 'max_samples': None, 'min_impurity_decrease': 0.0, 'min_samples_leaf': 2, 'min_samples_split': 5, 'min_weight_fraction_leaf': 0.0, 'monotonic_cst': None, 'n_estimators': 50, 'n_jobs': None, 'oob_score': False, 'random_state': 42, 'verbose': 0, 'warm_start': False}",0.20213818550109863
Coffee,4,5,7,3,LinearSVC,HMM_GMM,9,"{'n_components': 5, 'n_mix': 1, 'covariance_type': 'diag'}",0.77,0.782840722495895,"{'C': np.float64(183.29807108324337), 'class_weight': 'balanced', 'dual': False, 'fit_intercept': True, 'intercept_scaling': 1, 'loss': 'squared_hinge', 'max_iter': 100, 'multi_class': 'ovr', 'penalty': 'l1', 'random_state': 42, 'tol': 0.0001, 'verbose': 0}",0.03309440612792969
Coffee,4,5,7,3,LogisticRegression,HMM_GMM,9,"{'n_components': 5, 'n_mix': 1, 'covariance_type': 'diag'}",0.685,0.6890961289475166,"{'C': np.float64(0.4832930238571752), 'class_weight': 'balanced', 'dual': False, 'fit_intercept': True, 'intercept_scaling': 1, 'l1_ratio': None, 'max_iter': 100, 'multi_class': 'deprecated', 'n_jobs': None, 'penalty': 'l1', 'random_state': 42, 'solver': 'saga', 'tol': 0.0001, 'verbose': 0, 'warm_start': False}",0.13653159141540527
Coffee,4,5,7,3,KNN,HMM_GMM,10,"{'n_components': 3, 'n_mix': 5, 'covariance_type': 'diag'}",0.8566666666666667,0.8662258623348117,"{'algorithm': 'auto', 'leaf_size': 30, 'metric': 'minkowski', 'metric_params': None, 'n_jobs': None, 'n_neighbors': np.int64(13), 'p': 4, 'weights': 'distance'}",0.03379631042480469
Coffee,4,5,7,3,RandomForest,HMM_GMM,10,"{'n_components': 3, 'n_mix': 5, 'covariance_type': 'diag'}",0.8983333333333333,0.9044609832787173,"{'bootstrap': True, 'ccp_alpha': 0.0, 'class_weight': 'balanced', 'criterion': 'gini', 'max_depth': None, 'max_features': 'sqrt', 'max_leaf_nodes': None, 'max_samples': None, 'min_impurity_decrease': 0.0, 'min_samples_leaf': 1, 'min_samples_split': 2, 'min_weight_fraction_leaf': 0.0, 'monotonic_cst': None, 'n_estimators': 50, 'n_jobs': None, 'oob_score': False, 'random_state': 42, 'verbose': 0, 'warm_start': False}",0.1737523078918457
Coffee,4,5,7,3,LinearSVC,HMM_GMM,10,"{'n_components': 3, 'n_mix': 5, 'covariance_type': 'diag'}",0.7416666666666667,0.7534396765341496,"{'C': np.float64(183.29807108324337), 'class_weight': 'balanced', 'dual': False, 'fit_intercept': True, 'intercept_scaling': 1, 'loss': 'squared_hinge', 'max_iter': 100, 'multi_class': 'ovr', 'penalty': 'l1', 'random_state': 42, 'tol': 0.0001, 'verbose': 0}",0.0285189151763916
Coffee,4,5,7,3,LogisticRegression,HMM_GMM,10,"{'n_components': 3, 'n_mix': 5, 'covariance_type': 'diag'}",0.77,0.782840722495895,"{'C': np.float64(2.6366508987303554), 'class_weight': 'balanced', 'dual': False, 'fit_intercept': True, 'intercept_scaling': 1, 'l1_ratio': None, 'max_iter': 100, 'multi_class': 'deprecated', 'n_jobs': None, 'penalty': 'l1', 'random_state': 42, 'solver': 'saga', 'tol': 0.0001, 'verbose': 0, 'warm_start': False}",0.14704513549804688
Coffee,4,5,7,5,KNN,HMM_GMM,1,"{'n_components': 2, 'n_mix': 1, 'covariance_type': 'diag'}",0.8683333333333333,0.8765904159130659,"{'algorithm': 'auto', 'leaf_size': 30, 'metric': 'euclidean', 'metric_params': None, 'n_jobs': None, 'n_neighbors': np.int64(15), 'p': 2, 'weights': 'distance'}",0.01799321174621582
Coffee,4,5,7,5,RandomForest,HMM_GMM,1,"{'n_components': 2, 'n_mix': 1, 'covariance_type': 'diag'}",0.845,0.855379795974858,"{'bootstrap': True, 'ccp_alpha': 0.0, 'class_weight': None, 'criterion': 'gini', 'max_depth': 30, 'max_features': 'sqrt', 'max_leaf_nodes': None, 'max_samples': None, 'min_impurity_decrease': 0.0, 'min_samples_leaf': 4, 'min_samples_split': 2, 'min_weight_fraction_leaf': 0.0, 'monotonic_cst': None, 'n_estimators': 50, 'n_jobs': None, 'oob_score': False, 'random_state': 42, 'verbose': 0, 'warm_start': False}",0.31444621086120605
Coffee,4,5,7,5,LinearSVC,HMM_GMM,1,"{'n_components': 2, 'n_mix': 1, 'covariance_type': 'diag'}",0.6933333333333334,0.701458584236585,"{'C': np.float64(1000.0), 'class_weight': 'balanced', 'dual': False, 'fit_intercept': True, 'intercept_scaling': 1, 'loss': 'squared_hinge', 'max_iter': 100, 'multi_class': 'ovr', 'penalty': 'l2', 'random_state': 42, 'tol': 0.001, 'verbose': 0}",0.017734050750732422
Coffee,4,5,7,5,LogisticRegression,HMM_GMM,1,"{'n_components': 2, 'n_mix': 1, 'covariance_type': 'diag'}",0.6683333333333333,0.6703547429285827,"{'C': np.float64(33.59818286283781), 'class_weight': None, 'dual': False, 'fit_intercept': True, 'intercept_scaling': 1, 'l1_ratio': None, 'max_iter': 100, 'multi_class': 'deprecated', 'n_jobs': None, 'penalty': 'l2', 'random_state': 42, 'solver': 'saga', 'tol': 0.0001, 'verbose': 0, 'warm_start': False}",0.18994784355163574
Coffee,4,5,7,5,KNN,HMM_GMM,2,"{'n_components': 2, 'n_mix': 4, 'covariance_type': 'tied'}",0.885,0.8922773192195408,"{'algorithm': 'auto', 'leaf_size': 30, 'metric': 'euclidean', 'metric_params': None, 'n_jobs': None, 'n_neighbors': np.int64(15), 'p': 2, 'weights': 'distance'}",0.0139923095703125
Coffee,4,5,7,5,RandomForest,HMM_GMM,2,"{'n_components': 2, 'n_mix': 4, 'covariance_type': 'tied'}",0.8583333333333333,0.8677681258161586,"{'bootstrap': True, 'ccp_alpha': 0.0, 'class_weight': None, 'criterion': 'gini', 'max_depth': 30, 'max_features': 'sqrt', 'max_leaf_nodes': None, 'max_samples': None, 'min_impurity_decrease': 0.0, 'min_samples_leaf': 4, 'min_samples_split': 2, 'min_weight_fraction_leaf': 0.0, 'monotonic_cst': None, 'n_estimators': 50, 'n_jobs': None, 'oob_score': False, 'random_state': 42, 'verbose': 0, 'warm_start': False}",0.23547148704528809
Coffee,4,5,7,5,LinearSVC,HMM_GMM,2,"{'n_components': 2, 'n_mix': 4, 'covariance_type': 'tied'}",0.9733333333333334,0.9738870636768631,"{'C': np.float64(183.29807108324337), 'class_weight': None, 'dual': False, 'fit_intercept': True, 'intercept_scaling': 1, 'loss': 'squared_hinge', 'max_iter': 100, 'multi_class': 'ovr', 'penalty': 'l1', 'random_state': 42, 'tol': 0.001, 'verbose': 0}",0.04050946235656738
Coffee,4,5,7,5,LogisticRegression,HMM_GMM,2,"{'n_components': 2, 'n_mix': 4, 'covariance_type': 'tied'}",0.9733333333333334,0.973955690850668,"{'C': np.float64(1000.0), 'class_weight': 'balanced', 'dual': False, 'fit_intercept': True, 'intercept_scaling': 1, 'l1_ratio': None, 'max_iter': 100, 'multi_class': 'deprecated', 'n_jobs': None, 'penalty': 'l2', 'random_state': 42, 'solver': 'sag', 'tol': 0.0001, 'verbose': 0, 'warm_start': False}",0.17165517807006836
Coffee,4,5,7,5,KNN,HMM_GMM,3,"{'n_components': 1, 'n_mix': 3, 'covariance_type': 'diag'}",0.8566666666666667,0.8662258623348117,"{'algorithm': 'auto', 'leaf_size': 30, 'metric': 'minkowski', 'metric_params': None, 'n_jobs': None, 'n_neighbors': np.int64(5), 'p': 3, 'weights': 'distance'}",0.045755863189697266
Coffee,4,5,7,5,RandomForest,HMM_GMM,3,"{'n_components': 1, 'n_mix': 3, 'covariance_type': 'diag'}",0.8466666666666667,0.8569374033725236,"{'bootstrap': True, 'ccp_alpha': 0.0, 'class_weight': 'balanced', 'criterion': 'gini', 'max_depth': 30, 'max_features': 'sqrt', 'max_leaf_nodes': None, 'max_samples': None, 'min_impurity_decrease': 0.0, 'min_samples_leaf': 1, 'min_samples_split': 2, 'min_weight_fraction_leaf': 0.0, 'monotonic_cst': None, 'n_estimators': 150, 'n_jobs': None, 'oob_score': False, 'random_state': 42, 'verbose': 0, 'warm_start': False}",0.6353476047515869
Coffee,4,5,7,5,LinearSVC,HMM_GMM,3,"{'n_components': 1, 'n_mix': 3, 'covariance_type': 'diag'}",0.68,0.6830732292917167,"{'C': np.float64(2.6366508987303554), 'class_weight': 'balanced', 'dual': False, 'fit_intercept': True, 'intercept_scaling': 1, 'loss': 'squared_hinge', 'max_iter': 100, 'multi_class': 'ovr', 'penalty': 'l1', 'random_state': 42, 'tol': 0.0001, 'verbose': 0}",0.05005931854248047
Coffee,4,5,7,5,LogisticRegression,HMM_GMM,3,"{'n_components': 1, 'n_mix': 3, 'covariance_type': 'diag'}",0.6666666666666666,0.6666666666666666,"{'C': np.float64(2.6366508987303554), 'class_weight': 'balanced', 'dual': False, 'fit_intercept': True, 'intercept_scaling': 1, 'l1_ratio': None, 'max_iter': 100, 'multi_class': 'deprecated', 'n_jobs': None, 'penalty': 'l1', 'random_state': 42, 'solver': 'saga', 'tol': 0.0001, 'verbose': 0, 'warm_start': False}",0.2594633102416992
Coffee,4,5,7,5,KNN,HMM_GMM,4,"{'n_components': 4, 'n_mix': 3, 'covariance_type': 'diag'}",0.8583333333333333,0.8677681258161586,"{'algorithm': 'auto', 'leaf_size': 30, 'metric': 'minkowski', 'metric_params': None, 'n_jobs': None, 'n_neighbors': np.int64(5), 'p': 3, 'weights': 'distance'}",0.03664064407348633
Coffee,4,5,7,5,RandomForest,HMM_GMM,4,"{'n_components': 4, 'n_mix': 3, 'covariance_type': 'diag'}",0.8733333333333333,0.881587196223771,"{'bootstrap': True, 'ccp_alpha': 0.0, 'class_weight': None, 'criterion': 'gini', 'max_depth': 30, 'max_features': 'sqrt', 'max_leaf_nodes': None, 'max_samples': None, 'min_impurity_decrease': 0.0, 'min_samples_leaf': 4, 'min_samples_split': 2, 'min_weight_fraction_leaf': 0.0, 'monotonic_cst': None, 'n_estimators': 50, 'n_jobs': None, 'oob_score': False, 'random_state': 42, 'verbose': 0, 'warm_start': False}",0.22932839393615723
Coffee,4,5,7,5,LinearSVC,HMM_GMM,4,"{'n_components': 4, 'n_mix': 3, 'covariance_type': 'diag'}",0.9266666666666666,0.9301587301587301,"{'C': np.float64(2.6366508987303554), 'class_weight': 'balanced', 'dual': False, 'fit_intercept': True, 'intercept_scaling': 1, 'loss': 'squared_hinge', 'max_iter': 100, 'multi_class': 'ovr', 'penalty': 'l1', 'random_state': 42, 'tol': 0.0001, 'verbose': 0}",0.04320096969604492
Coffee,4,5,7,5,LogisticRegression,HMM_GMM,4,"{'n_components': 4, 'n_mix': 3, 'covariance_type': 'diag'}",0.7833333333333333,0.79664019627153,"{'C': np.float64(0.002976351441631319), 'class_weight': None, 'dual': False, 'fit_intercept': True, 'intercept_scaling': 1, 'l1_ratio': None, 'max_iter': 100, 'multi_class': 'deprecated', 'n_jobs': None, 'penalty': 'l2', 'random_state': 42, 'solver': 'saga', 'tol': 0.0001, 'verbose': 0, 'warm_start': False}",0.03472638130187988
Coffee,4,5,7,5,KNN,HMM_GMM,5,"{'n_components': 1, 'n_mix': 1, 'covariance_type': 'tied'}",0.87,0.8785247663937813,"{'algorithm': 'auto', 'leaf_size': 30, 'metric': 'minkowski', 'metric_params': None, 'n_jobs': None, 'n_neighbors': np.int64(5), 'p': 3, 'weights': 'distance'}",0.048345088958740234
Coffee,4,5,7,5,RandomForest,HMM_GMM,5,"{'n_components': 1, 'n_mix': 1, 'covariance_type': 'tied'}",0.8416666666666667,0.8522682776752252,"{'bootstrap': True, 'ccp_alpha': 0.0, 'class_weight': 'balanced', 'criterion': 'gini', 'max_depth': None, 'max_features': 'sqrt', 'max_leaf_nodes': None, 'max_samples': None, 'min_impurity_decrease': 0.0, 'min_samples_leaf': 4, 'min_samples_split': 2, 'min_weight_fraction_leaf': 0.0, 'monotonic_cst': None, 'n_estimators': 50, 'n_jobs': None, 'oob_score': False, 'random_state': 42, 'verbose': 0, 'warm_start': False}",0.23321866989135742
Coffee,4,5,7,5,LinearSVC,HMM_GMM,5,"{'n_components': 1, 'n_mix': 1, 'covariance_type': 'tied'}",0.9016666666666666,0.907410194122579,"{'C': np.float64(33.59818286283781), 'class_weight': 'balanced', 'dual': False, 'fit_intercept': True, 'intercept_scaling': 1, 'loss': 'squared_hinge', 'max_iter': 100, 'multi_class': 'ovr', 'penalty': 'l1', 'random_state': 42, 'tol': 0.001, 'verbose': 0}",0.05626416206359863
Coffee,4,5,7,5,LogisticRegression,HMM_GMM,5,"{'n_components': 1, 'n_mix': 1, 'covariance_type': 'tied'}",0.8933333333333333,0.8995432978947181,"{'C': np.float64(1000.0), 'class_weight': 'balanced', 'dual': False, 'fit_intercept': True, 'intercept_scaling': 1, 'l1_ratio': None, 'max_iter': 100, 'multi_class': 'deprecated', 'n_jobs': None, 'penalty': 'l2', 'random_state': 42, 'solver': 'sag', 'tol': 0.0001, 'verbose': 0, 'warm_start': False}",0.18046188354492188
Coffee,4,5,7,5,KNN,HMM_GMM,6,"{'n_components': 4, 'n_mix': 3, 'covariance_type': 'diag'}",0.8583333333333333,0.8677681258161586,"{'algorithm': 'auto', 'leaf_size': 30, 'metric': 'minkowski', 'metric_params': None, 'n_jobs': None, 'n_neighbors': np.int64(5), 'p': 3, 'weights': 'distance'}",0.040982723236083984
Coffee,4,5,7,5,RandomForest,HMM_GMM,6,"{'n_components': 4, 'n_mix': 3, 'covariance_type': 'diag'}",0.88,0.8877005347593583,"{'bootstrap': True, 'ccp_alpha': 0.0, 'class_weight': None, 'criterion': 'gini', 'max_depth': 30, 'max_features': 'sqrt', 'max_leaf_nodes': None, 'max_samples': None, 'min_impurity_decrease': 0.0, 'min_samples_leaf': 4, 'min_samples_split': 2, 'min_weight_fraction_leaf': 0.0, 'monotonic_cst': None, 'n_estimators': 50, 'n_jobs': None, 'oob_score': False, 'random_state': 42, 'verbose': 0, 'warm_start': False}",0.22875571250915527
Coffee,4,5,7,5,LinearSVC,HMM_GMM,6,"{'n_components': 4, 'n_mix': 3, 'covariance_type': 'diag'}",0.9266666666666666,0.9301587301587301,"{'C': np.float64(2.6366508987303554), 'class_weight': 'balanced', 'dual': False, 'fit_intercept': True, 'intercept_scaling': 1, 'loss': 'squared_hinge', 'max_iter': 100, 'multi_class': 'ovr', 'penalty': 'l1', 'random_state': 42, 'tol': 0.0001, 'verbose': 0}",0.04456734657287598
Coffee,4,5,7,5,LogisticRegression,HMM_GMM,6,"{'n_components': 4, 'n_mix': 3, 'covariance_type': 'diag'}",0.7833333333333333,0.79664019627153,"{'C': np.float64(0.002976351441631319), 'class_weight': None, 'dual': False, 'fit_intercept': True, 'intercept_scaling': 1, 'l1_ratio': None, 'max_iter': 100, 'multi_class': 'deprecated', 'n_jobs': None, 'penalty': 'l2', 'random_state': 42, 'solver': 'saga', 'tol': 0.0001, 'verbose': 0, 'warm_start': False}",0.03162050247192383
Coffee,4,5,7,5,KNN,HMM_GMM,7,"{'n_components': 2, 'n_mix': 5, 'covariance_type': 'diag'}",0.91,0.9151163796833088,"{'algorithm': 'auto', 'leaf_size': 30, 'metric': 'minkowski', 'metric_params': None, 'n_jobs': None, 'n_neighbors': np.int64(13), 'p': 4, 'weights': 'distance'}",0.06351947784423828
Coffee,4,5,7,5,RandomForest,HMM_GMM,7,"{'n_components': 2, 'n_mix': 5, 'covariance_type': 'diag'}",0.92,0.9242636746143057,"{'bootstrap': True, 'ccp_alpha': 0.0, 'class_weight': None, 'criterion': 'gini', 'max_depth': 30, 'max_features': 'sqrt', 'max_leaf_nodes': None, 'max_samples': None, 'min_impurity_decrease': 0.0, 'min_samples_leaf': 4, 'min_samples_split': 2, 'min_weight_fraction_leaf': 0.0, 'monotonic_cst': None, 'n_estimators': 50, 'n_jobs': None, 'oob_score': False, 'random_state': 42, 'verbose': 0, 'warm_start': False}",0.2032482624053955
Coffee,4,5,7,5,LinearSVC,HMM_GMM,7,"{'n_components': 2, 'n_mix': 5, 'covariance_type': 'diag'}",0.7483333333333333,0.7611190741625523,"{'C': np.float64(2.6366508987303554), 'class_weight': 'balanced', 'dual': False, 'fit_intercept': True, 'intercept_scaling': 1, 'loss': 'squared_hinge', 'max_iter': 100, 'multi_class': 'ovr', 'penalty': 'l1', 'random_state': 42, 'tol': 0.0001, 'verbose': 0}",0.04884767532348633
Coffee,4,5,7,5,LogisticRegression,HMM_GMM,7,"{'n_components': 2, 'n_mix': 5, 'covariance_type': 'diag'}",0.68,0.6830732292917167,"{'C': np.float64(33.59818286283781), 'class_weight': 'balanced', 'dual': False, 'fit_intercept': True, 'intercept_scaling': 1, 'l1_ratio': None, 'max_iter': 100, 'multi_class': 'deprecated', 'n_jobs': None, 'penalty': 'l2', 'random_state': 42, 'solver': 'saga', 'tol': 0.0001, 'verbose': 0, 'warm_start': False}",0.18993687629699707
Coffee,4,5,7,5,KNN,HMM_GMM,8,"{'n_components': 1, 'n_mix': 3, 'covariance_type': 'full'}",0.8583333333333333,0.8677681258161586,"{'algorithm': 'auto', 'leaf_size': 30, 'metric': 'minkowski', 'metric_params': None, 'n_jobs': None, 'n_neighbors': np.int64(5), 'p': 3, 'weights': 'distance'}",0.03664588928222656
Coffee,4,5,7,5,RandomForest,HMM_GMM,8,"{'n_components': 1, 'n_mix': 3, 'covariance_type': 'full'}",0.8783333333333333,0.8861734933841194,"{'bootstrap': True, 'ccp_alpha': 0.0, 'class_weight': 'balanced', 'criterion': 'gini', 'max_depth': None, 'max_features': 'sqrt', 'max_leaf_nodes': None, 'max_samples': None, 'min_impurity_decrease': 0.0, 'min_samples_leaf': 4, 'min_samples_split': 2, 'min_weight_fraction_leaf': 0.0, 'monotonic_cst': None, 'n_estimators': 50, 'n_jobs': None, 'oob_score': False, 'random_state': 42, 'verbose': 0, 'warm_start': False}",0.2599477767944336
Coffee,4,5,7,5,LinearSVC,HMM_GMM,8,"{'n_components': 1, 'n_mix': 3, 'covariance_type': 'full'}",0.9483333333333334,0.9502927778075186,"{'C': np.float64(33.59818286283781), 'class_weight': 'balanced', 'dual': False, 'fit_intercept': True, 'intercept_scaling': 1, 'loss': 'squared_hinge', 'max_iter': 100, 'multi_class': 'ovr', 'penalty': 'l1', 'random_state': 42, 'tol': 0.0001, 'verbose': 0}",0.06012368202209473
Coffee,4,5,7,5,LogisticRegression,HMM_GMM,8,"{'n_components': 1, 'n_mix': 3, 'covariance_type': 'full'}",0.9416666666666667,0.9441000370900228,"{'C': np.float64(33.59818286283781), 'class_weight': None, 'dual': False, 'fit_intercept': True, 'intercept_scaling': 1, 'l1_ratio': None, 'max_iter': 100, 'multi_class': 'deprecated', 'n_jobs': None, 'penalty': 'l2', 'random_state': 42, 'solver': 'saga', 'tol': 0.0001, 'verbose': 0, 'warm_start': False}",0.22916436195373535
Coffee,4,5,7,5,KNN,HMM_GMM,9,"{'n_components': 5, 'n_mix': 1, 'covariance_type': 'diag'}",0.8716666666666667,0.8800565100445684,"{'algorithm': 'auto', 'leaf_size': 30, 'metric': 'euclidean', 'metric_params': None, 'n_jobs': None, 'n_neighbors': np.int64(15), 'p': 2, 'weights': 'distance'}",0.02057814598083496
Coffee,4,5,7,5,RandomForest,HMM_GMM,9,"{'n_components': 5, 'n_mix': 1, 'covariance_type': 'diag'}",0.8616666666666667,0.8708481704497041,"{'bootstrap': True, 'ccp_alpha': 0.0, 'class_weight': 'balanced', 'criterion': 'gini', 'max_depth': None, 'max_features': 'sqrt', 'max_leaf_nodes': None, 'max_samples': None, 'min_impurity_decrease': 0.0, 'min_samples_leaf': 2, 'min_samples_split': 2, 'min_weight_fraction_leaf': 0.0, 'monotonic_cst': None, 'n_estimators': 150, 'n_jobs': None, 'oob_score': False, 'random_state': 42, 'verbose': 0, 'warm_start': False}",0.818312406539917
Coffee,4,5,7,5,LinearSVC,HMM_GMM,9,"{'n_components': 5, 'n_mix': 1, 'covariance_type': 'diag'}",0.765,0.7774902727464398,"{'C': np.float64(183.29807108324337), 'class_weight': 'balanced', 'dual': False, 'fit_intercept': True, 'intercept_scaling': 1, 'loss': 'squared_hinge', 'max_iter': 100, 'multi_class': 'ovr', 'penalty': 'l1', 'random_state': 42, 'tol': 0.0001, 'verbose': 0}",0.06686019897460938
Coffee,4,5,7,5,LogisticRegression,HMM_GMM,9,"{'n_components': 5, 'n_mix': 1, 'covariance_type': 'diag'}",0.685,0.6890961289475166,"{'C': np.float64(0.4832930238571752), 'class_weight': None, 'dual': False, 'fit_intercept': True, 'intercept_scaling': 1, 'l1_ratio': None, 'max_iter': 100, 'multi_class': 'deprecated', 'n_jobs': None, 'penalty': 'l1', 'random_state': 42, 'solver': 'saga', 'tol': 0.0001, 'verbose': 0, 'warm_start': False}",0.27219510078430176
Coffee,4,5,7,5,KNN,HMM_GMM,10,"{'n_components': 3, 'n_mix': 5, 'covariance_type': 'diag'}",0.8566666666666667,0.8662258623348117,"{'algorithm': 'auto', 'leaf_size': 30, 'metric': 'minkowski', 'metric_params': None, 'n_jobs': None, 'n_neighbors': np.int64(5), 'p': 3, 'weights': 'distance'}",0.04861617088317871
Coffee,4,5,7,5,RandomForest,HMM_GMM,10,"{'n_components': 3, 'n_mix': 5, 'covariance_type': 'diag'}",0.8883333333333333,0.8953254960380199,"{'bootstrap': True, 'ccp_alpha': 0.0, 'class_weight': 'balanced', 'criterion': 'gini', 'max_depth': None, 'max_features': 'sqrt', 'max_leaf_nodes': None, 'max_samples': None, 'min_impurity_decrease': 0.0, 'min_samples_leaf': 2, 'min_samples_split': 2, 'min_weight_fraction_leaf': 0.0, 'monotonic_cst': None, 'n_estimators': 150, 'n_jobs': None, 'oob_score': False, 'random_state': 42, 'verbose': 0, 'warm_start': False}",0.596583366394043
Coffee,4,5,7,5,LinearSVC,HMM_GMM,10,"{'n_components': 3, 'n_mix': 5, 'covariance_type': 'diag'}",0.7183333333333334,0.727611885554277,"{'C': np.float64(2.6366508987303554), 'class_weight': 'balanced', 'dual': False, 'fit_intercept': True, 'intercept_scaling': 1, 'loss': 'squared_hinge', 'max_iter': 100, 'multi_class': 'ovr', 'penalty': 'l1', 'random_state': 42, 'tol': 0.0001, 'verbose': 0}",0.043711185455322266
Coffee,4,5,7,5,LogisticRegression,HMM_GMM,10,"{'n_components': 3, 'n_mix': 5, 'covariance_type': 'diag'}",0.75,0.7622317160004068,"{'C': np.float64(33.59818286283781), 'class_weight': 'balanced', 'dual': False, 'fit_intercept': True, 'intercept_scaling': 1, 'l1_ratio': None, 'max_iter': 100, 'multi_class': 'deprecated', 'n_jobs': None, 'penalty': 'l2', 'random_state': 42, 'solver': 'saga', 'tol': 0.0001, 'verbose': 0, 'warm_start': False}",0.32222509384155273
Coffee,4,5,7,10,KNN,HMM_GMM,1,"{'n_components': 2, 'n_mix': 1, 'covariance_type': 'diag'}",0.8666666666666667,0.8754578754578755,"{'algorithm': 'auto', 'leaf_size': 30, 'metric': 'minkowski', 'metric_params': None, 'n_jobs': None, 'n_neighbors': 5, 'p': 2, 'weights': 'uniform'}",0.042186737060546875
Coffee,4,5,7,10,RandomForest,HMM_GMM,1,"{'n_components': 2, 'n_mix': 1, 'covariance_type': 'diag'}",0.8516666666666667,0.8615894383539072,"{'bootstrap': True, 'ccp_alpha': 0.0, 'class_weight': None, 'criterion': 'gini', 'max_depth': None, 'max_features': 'sqrt', 'max_leaf_nodes': None, 'max_samples': None, 'min_impurity_decrease': 0.0, 'min_samples_leaf': 1, 'min_samples_split': 2, 'min_weight_fraction_leaf': 0.0, 'monotonic_cst': None, 'n_estimators': 100, 'n_jobs': None, 'oob_score': False, 'random_state': 42, 'verbose': 0, 'warm_start': False}",0.6486036777496338
Coffee,4,5,7,10,LinearSVC,HMM_GMM,1,"{'n_components': 2, 'n_mix': 1, 'covariance_type': 'diag'}",0.6916666666666667,0.6989305941167008,"{'C': 1.0, 'class_weight': None, 'dual': False, 'fit_intercept': True, 'intercept_scaling': 1, 'loss': 'squared_hinge', 'max_iter': 100, 'multi_class': 'ovr', 'penalty': 'l2', 'random_state': 42, 'tol': 0.0001, 'verbose': 0}",0.03986215591430664
Coffee,4,5,7,10,LogisticRegression,HMM_GMM,1,"{'n_components': 2, 'n_mix': 1, 'covariance_type': 'diag'}",0.67,0.6708167704192605,"{'C': 1.0, 'class_weight': None, 'dual': False, 'fit_intercept': True, 'intercept_scaling': 1, 'l1_ratio': None, 'max_iter': 100, 'multi_class': 'deprecated', 'n_jobs': None, 'penalty': 'l2', 'random_state': 42, 'solver': 'lbfgs', 'tol': 0.0001, 'verbose': 0, 'warm_start': False}",0.2361454963684082
Coffee,4,5,7,10,KNN,HMM_GMM,2,"{'n_components': 2, 'n_mix': 4, 'covariance_type': 'tied'}",0.885,0.8922773192195408,"{'algorithm': 'auto', 'leaf_size': 30, 'metric': 'minkowski', 'metric_params': None, 'n_jobs': None, 'n_neighbors': 5, 'p': 2, 'weights': 'uniform'}",0.05283951759338379
Coffee,4,5,7,10,RandomForest,HMM_GMM,2,"{'n_components': 2, 'n_mix': 4, 'covariance_type': 'tied'}",0.8583333333333333,0.8677681258161586,"{'bootstrap': True, 'ccp_alpha': 0.0, 'class_weight': None, 'criterion': 'gini', 'max_depth': None, 'max_features': 'sqrt', 'max_leaf_nodes': None, 'max_samples': None, 'min_impurity_decrease': 0.0, 'min_samples_leaf': 1, 'min_samples_split': 2, 'min_weight_fraction_leaf': 0.0, 'monotonic_cst': None, 'n_estimators': 100, 'n_jobs': None, 'oob_score': False, 'random_state': 42, 'verbose': 0, 'warm_start': False}",0.7419145107269287
Coffee,4,5,7,10,LinearSVC,HMM_GMM,2,"{'n_components': 2, 'n_mix': 4, 'covariance_type': 'tied'}",0.9816666666666667,0.9819218096001424,"{'C': 1.0, 'class_weight': None, 'dual': False, 'fit_intercept': True, 'intercept_scaling': 1, 'loss': 'squared_hinge', 'max_iter': 100, 'multi_class': 'ovr', 'penalty': 'l2', 'random_state': 42, 'tol': 0.0001, 'verbose': 0}",0.05256342887878418
Coffee,4,5,7,10,LogisticRegression,HMM_GMM,2,"{'n_components': 2, 'n_mix': 4, 'covariance_type': 'tied'}",0.9266666666666666,0.9303770098675159,"{'C': 1.0, 'class_weight': None, 'dual': False, 'fit_intercept': True, 'intercept_scaling': 1, 'l1_ratio': None, 'max_iter': 100, 'multi_class': 'deprecated', 'n_jobs': None, 'penalty': 'l2', 'random_state': 42, 'solver': 'lbfgs', 'tol': 0.0001, 'verbose': 0, 'warm_start': False}",0.33038973808288574
Coffee,4,5,7,10,KNN,HMM_GMM,3,"{'n_components': 1, 'n_mix': 3, 'covariance_type': 'diag'}",0.865,0.8739226132927407,"{'algorithm': 'auto', 'leaf_size': 30, 'metric': 'minkowski', 'metric_params': None, 'n_jobs': None, 'n_neighbors': 5, 'p': 2, 'weights': 'uniform'}",0.05406761169433594
Coffee,4,5,7,10,RandomForest,HMM_GMM,3,"{'n_components': 1, 'n_mix': 3, 'covariance_type': 'diag'}",0.8466666666666667,0.8569374033725236,"{'bootstrap': True, 'ccp_alpha': 0.0, 'class_weight': None, 'criterion': 'gini', 'max_depth': None, 'max_features': 'sqrt', 'max_leaf_nodes': None, 'max_samples': None, 'min_impurity_decrease': 0.0, 'min_samples_leaf': 1, 'min_samples_split': 2, 'min_weight_fraction_leaf': 0.0, 'monotonic_cst': None, 'n_estimators': 100, 'n_jobs': None, 'oob_score': False, 'random_state': 42, 'verbose': 0, 'warm_start': False}",0.6878044605255127
Coffee,4,5,7,10,LinearSVC,HMM_GMM,3,"{'n_components': 1, 'n_mix': 3, 'covariance_type': 'diag'}",0.6766666666666666,0.6790194460420262,"{'C': 1.0, 'class_weight': None, 'dual': False, 'fit_intercept': True, 'intercept_scaling': 1, 'loss': 'squared_hinge', 'max_iter': 100, 'multi_class': 'ovr', 'penalty': 'l2', 'random_state': 42, 'tol': 0.0001, 'verbose': 0}",0.04232430458068848
Coffee,4,5,7,10,LogisticRegression,HMM_GMM,3,"{'n_components': 1, 'n_mix': 3, 'covariance_type': 'diag'}",0.6666666666666666,0.6666666666666666,"{'C': 1.0, 'class_weight': None, 'dual': False, 'fit_intercept': True, 'intercept_scaling': 1, 'l1_ratio': None, 'max_iter': 100, 'multi_class': 'deprecated', 'n_jobs': None, 'penalty': 'l2', 'random_state': 42, 'solver': 'lbfgs', 'tol': 0.0001, 'verbose': 0, 'warm_start': False}",0.1292405128479004
Coffee,4,5,7,10,KNN,HMM_GMM,4,"{'n_components': 4, 'n_mix': 3, 'covariance_type': 'diag'}",0.865,0.8739226132927407,"{'algorithm': 'auto', 'leaf_size': 30, 'metric': 'minkowski', 'metric_params': None, 'n_jobs': None, 'n_neighbors': 5, 'p': 2, 'weights': 'uniform'}",0.04613661766052246
Coffee,4,5,7,10,RandomForest,HMM_GMM,4,"{'n_components': 4, 'n_mix': 3, 'covariance_type': 'diag'}",0.8683333333333333,0.8769919073925019,"{'bootstrap': True, 'ccp_alpha': 0.0, 'class_weight': None, 'criterion': 'gini', 'max_depth': None, 'max_features': 'sqrt', 'max_leaf_nodes': None, 'max_samples': None, 'min_impurity_decrease': 0.0, 'min_samples_leaf': 1, 'min_samples_split': 2, 'min_weight_fraction_leaf': 0.0, 'monotonic_cst': None, 'n_estimators': 100, 'n_jobs': None, 'oob_score': False, 'random_state': 42, 'verbose': 0, 'warm_start': False}",0.5916228294372559
Coffee,4,5,7,10,LinearSVC,HMM_GMM,4,"{'n_components': 4, 'n_mix': 3, 'covariance_type': 'diag'}",0.9266666666666666,0.9300417675967185,"{'C': 1.0, 'class_weight': None, 'dual': False, 'fit_intercept': True, 'intercept_scaling': 1, 'loss': 'squared_hinge', 'max_iter': 100, 'multi_class': 'ovr', 'penalty': 'l2', 'random_state': 42, 'tol': 0.0001, 'verbose': 0}",0.0387110710144043
Coffee,4,5,7,10,LogisticRegression,HMM_GMM,4,"{'n_components': 4, 'n_mix': 3, 'covariance_type': 'diag'}",0.7916666666666666,0.8046184830373073,"{'C': 1.0, 'class_weight': None, 'dual': False, 'fit_intercept': True, 'intercept_scaling': 1, 'l1_ratio': None, 'max_iter': 100, 'multi_class': 'deprecated', 'n_jobs': None, 'penalty': 'l2', 'random_state': 42, 'solver': 'lbfgs', 'tol': 0.0001, 'verbose': 0, 'warm_start': False}",0.13701772689819336
Coffee,4,5,7,10,KNN,HMM_GMM,5,"{'n_components': 1, 'n_mix': 1, 'covariance_type': 'tied'}",0.8766666666666667,0.8846456292266844,"{'algorithm': 'auto', 'leaf_size': 30, 'metric': 'minkowski', 'metric_params': None, 'n_jobs': None, 'n_neighbors': 5, 'p': 2, 'weights': 'uniform'}",0.052374839782714844
Coffee,4,5,7,10,RandomForest,HMM_GMM,5,"{'n_components': 1, 'n_mix': 1, 'covariance_type': 'tied'}",0.8416666666666667,0.8522682776752252,"{'bootstrap': True, 'ccp_alpha': 0.0, 'class_weight': None, 'criterion': 'gini', 'max_depth': None, 'max_features': 'sqrt', 'max_leaf_nodes': None, 'max_samples': None, 'min_impurity_decrease': 0.0, 'min_samples_leaf': 1, 'min_samples_split': 2, 'min_weight_fraction_leaf': 0.0, 'monotonic_cst': None, 'n_estimators': 100, 'n_jobs': None, 'oob_score': False, 'random_state': 42, 'verbose': 0, 'warm_start': False}",0.7364382743835449
Coffee,4,5,7,10,LinearSVC,HMM_GMM,5,"{'n_components': 1, 'n_mix': 1, 'covariance_type': 'tied'}",0.99,0.9900951260174562,"{'C': 1.0, 'class_weight': None, 'dual': False, 'fit_intercept': True, 'intercept_scaling': 1, 'loss': 'squared_hinge', 'max_iter': 100, 'multi_class': 'ovr', 'penalty': 'l2', 'random_state': 42, 'tol': 0.0001, 'verbose': 0}",0.04992961883544922
Coffee,4,5,7,10,LogisticRegression,HMM_GMM,5,"{'n_components': 1, 'n_mix': 1, 'covariance_type': 'tied'}",0.8116666666666666,0.8233232578708723,"{'C': 1.0, 'class_weight': None, 'dual': False, 'fit_intercept': True, 'intercept_scaling': 1, 'l1_ratio': None, 'max_iter': 100, 'multi_class': 'deprecated', 'n_jobs': None, 'penalty': 'l2', 'random_state': 42, 'solver': 'lbfgs', 'tol': 0.0001, 'verbose': 0, 'warm_start': False}",0.2316732406616211
Coffee,4,5,7,10,KNN,HMM_GMM,6,"{'n_components': 4, 'n_mix': 3, 'covariance_type': 'diag'}",0.865,0.8739226132927407,"{'algorithm': 'auto', 'leaf_size': 30, 'metric': 'minkowski', 'metric_params': None, 'n_jobs': None, 'n_neighbors': 5, 'p': 2, 'weights': 'uniform'}",0.051168203353881836
Coffee,4,5,7,10,RandomForest,HMM_GMM,6,"{'n_components': 4, 'n_mix': 3, 'covariance_type': 'diag'}",0.8683333333333333,0.8769919073925019,"{'bootstrap': True, 'ccp_alpha': 0.0, 'class_weight': None, 'criterion': 'gini', 'max_depth': None, 'max_features': 'sqrt', 'max_leaf_nodes': None, 'max_samples': None, 'min_impurity_decrease': 0.0, 'min_samples_leaf': 1, 'min_samples_split': 2, 'min_weight_fraction_leaf': 0.0, 'monotonic_cst': None, 'n_estimators': 100, 'n_jobs': None, 'oob_score': False, 'random_state': 42, 'verbose': 0, 'warm_start': False}",0.6610102653503418
Coffee,4,5,7,10,LinearSVC,HMM_GMM,6,"{'n_components': 4, 'n_mix': 3, 'covariance_type': 'diag'}",0.925,0.9283899543584323,"{'C': 1.0, 'class_weight': None, 'dual': False, 'fit_intercept': True, 'intercept_scaling': 1, 'loss': 'squared_hinge', 'max_iter': 100, 'multi_class': 'ovr', 'penalty': 'l2', 'random_state': 42, 'tol': 0.0001, 'verbose': 0}",0.04590487480163574
Coffee,4,5,7,10,LogisticRegression,HMM_GMM,6,"{'n_components': 4, 'n_mix': 3, 'covariance_type': 'diag'}",0.7916666666666666,0.8046184830373073,"{'C': 1.0, 'class_weight': None, 'dual': False, 'fit_intercept': True, 'intercept_scaling': 1, 'l1_ratio': None, 'max_iter': 100, 'multi_class': 'deprecated', 'n_jobs': None, 'penalty': 'l2', 'random_state': 42, 'solver': 'lbfgs', 'tol': 0.0001, 'verbose': 0, 'warm_start': False}",0.25866055488586426
Coffee,4,5,7,10,KNN,HMM_GMM,7,"{'n_components': 2, 'n_mix': 5, 'covariance_type': 'diag'}",0.905,0.910548831609949,"{'algorithm': 'auto', 'leaf_size': 30, 'metric': 'minkowski', 'metric_params': None, 'n_jobs': None, 'n_neighbors': 5, 'p': 2, 'weights': 'uniform'}",0.04341244697570801
Coffee,4,5,7,10,RandomForest,HMM_GMM,7,"{'n_components': 2, 'n_mix': 5, 'covariance_type': 'diag'}",0.9133333333333333,0.918163210134013,"{'bootstrap': True, 'ccp_alpha': 0.0, 'class_weight': None, 'criterion': 'gini', 'max_depth': None, 'max_features': 'sqrt', 'max_leaf_nodes': None, 'max_samples': None, 'min_impurity_decrease': 0.0, 'min_samples_leaf': 1, 'min_samples_split': 2, 'min_weight_fraction_leaf': 0.0, 'monotonic_cst': None, 'n_estimators': 100, 'n_jobs': None, 'oob_score': False, 'random_state': 42, 'verbose': 0, 'warm_start': False}",0.5824835300445557
Coffee,4,5,7,10,LinearSVC,HMM_GMM,7,"{'n_components': 2, 'n_mix': 5, 'covariance_type': 'diag'}",0.725,0.7371419528406394,"{'C': 1.0, 'class_weight': None, 'dual': False, 'fit_intercept': True, 'intercept_scaling': 1, 'loss': 'squared_hinge', 'max_iter': 100, 'multi_class': 'ovr', 'penalty': 'l2', 'random_state': 42, 'tol': 0.0001, 'verbose': 0}",0.03774619102478027
Coffee,4,5,7,10,LogisticRegression,HMM_GMM,7,"{'n_components': 2, 'n_mix': 5, 'covariance_type': 'diag'}",0.6733333333333333,0.674934160082675,"{'C': 1.0, 'class_weight': None, 'dual': False, 'fit_intercept': True, 'intercept_scaling': 1, 'l1_ratio': None, 'max_iter': 100, 'multi_class': 'deprecated', 'n_jobs': None, 'penalty': 'l2', 'random_state': 42, 'solver': 'lbfgs', 'tol': 0.0001, 'verbose': 0, 'warm_start': False}",0.12939882278442383
Coffee,4,5,7,10,KNN,HMM_GMM,8,"{'n_components': 1, 'n_mix': 3, 'covariance_type': 'full'}",0.8583333333333333,0.8676637744505195,"{'algorithm': 'auto', 'leaf_size': 30, 'metric': 'minkowski', 'metric_params': None, 'n_jobs': None, 'n_neighbors': 5, 'p': 2, 'weights': 'uniform'}",0.05238938331604004
Coffee,4,5,7,10,RandomForest,HMM_GMM,8,"{'n_components': 1, 'n_mix': 3, 'covariance_type': 'full'}",0.8883333333333333,0.8953254960380199,"{'bootstrap': True, 'ccp_alpha': 0.0, 'class_weight': None, 'criterion': 'gini', 'max_depth': None, 'max_features': 'sqrt', 'max_leaf_nodes': None, 'max_samples': None, 'min_impurity_decrease': 0.0, 'min_samples_leaf': 1, 'min_samples_split': 2, 'min_weight_fraction_leaf': 0.0, 'monotonic_cst': None, 'n_estimators': 100, 'n_jobs': None, 'oob_score': False, 'random_state': 42, 'verbose': 0, 'warm_start': False}",0.6811177730560303
Coffee,4,5,7,10,LinearSVC,HMM_GMM,8,"{'n_components': 1, 'n_mix': 3, 'covariance_type': 'full'}",0.9816666666666667,0.9818496637165385,"{'C': 1.0, 'class_weight': None, 'dual': False, 'fit_intercept': True, 'intercept_scaling': 1, 'loss': 'squared_hinge', 'max_iter': 100, 'multi_class': 'ovr', 'penalty': 'l2', 'random_state': 42, 'tol': 0.0001, 'verbose': 0}",0.0552675724029541
Coffee,4,5,7,10,LogisticRegression,HMM_GMM,8,"{'n_components': 1, 'n_mix': 3, 'covariance_type': 'full'}",0.8766666666666667,0.8845811051693405,"{'C': 1.0, 'class_weight': None, 'dual': False, 'fit_intercept': True, 'intercept_scaling': 1, 'l1_ratio': None, 'max_iter': 100, 'multi_class': 'deprecated', 'n_jobs': None, 'penalty': 'l2', 'random_state': 42, 'solver': 'lbfgs', 'tol': 0.0001, 'verbose': 0, 'warm_start': False}",0.23013901710510254
Coffee,4,5,7,10,KNN,HMM_GMM,9,"{'n_components': 5, 'n_mix': 1, 'covariance_type': 'diag'}",0.8683333333333333,0.8769919073925019,"{'algorithm': 'auto', 'leaf_size': 30, 'metric': 'minkowski', 'metric_params': None, 'n_jobs': None, 'n_neighbors': 5, 'p': 2, 'weights': 'uniform'}",0.09333395957946777
Coffee,4,5,7,10,RandomForest,HMM_GMM,9,"{'n_components': 5, 'n_mix': 1, 'covariance_type': 'diag'}",0.8583333333333333,0.8677681258161586,"{'bootstrap': True, 'ccp_alpha': 0.0, 'class_weight': None, 'criterion': 'gini', 'max_depth': None, 'max_features': 'sqrt', 'max_leaf_nodes': None, 'max_samples': None, 'min_impurity_decrease': 0.0, 'min_samples_leaf': 1, 'min_samples_split': 2, 'min_weight_fraction_leaf': 0.0, 'monotonic_cst': None, 'n_estimators': 100, 'n_jobs': None, 'oob_score': False, 'random_state': 42, 'verbose': 0, 'warm_start': False}",0.704089879989624
Coffee,4,5,7,10,LinearSVC,HMM_GMM,9,"{'n_components': 5, 'n_mix': 1, 'covariance_type': 'diag'}",0.7683333333333333,0.7798277077998632,"{'C': 1.0, 'class_weight': None, 'dual': False, 'fit_intercept': True, 'intercept_scaling': 1, 'loss': 'squared_hinge', 'max_iter': 100, 'multi_class': 'ovr', 'penalty': 'l2', 'random_state': 42, 'tol': 0.0001, 'verbose': 0}",0.038164615631103516
Coffee,4,5,7,10,LogisticRegression,HMM_GMM,9,"{'n_components': 5, 'n_mix': 1, 'covariance_type': 'diag'}",0.7016666666666667,0.708096426020539,"{'C': 1.0, 'class_weight': None, 'dual': False, 'fit_intercept': True, 'intercept_scaling': 1, 'l1_ratio': None, 'max_iter': 100, 'multi_class': 'deprecated', 'n_jobs': None, 'penalty': 'l2', 'random_state': 42, 'solver': 'lbfgs', 'tol': 0.0001, 'verbose': 0, 'warm_start': False}",0.21883654594421387
Coffee,4,5,7,10,KNN,HMM_GMM,10,"{'n_components': 3, 'n_mix': 5, 'covariance_type': 'diag'}",0.865,0.8739226132927407,"{'algorithm': 'auto', 'leaf_size': 30, 'metric': 'minkowski', 'metric_params': None, 'n_jobs': None, 'n_neighbors': 5, 'p': 2, 'weights': 'uniform'}",0.04889845848083496
Coffee,4,5,7,10,RandomForest,HMM_GMM,10,"{'n_components': 3, 'n_mix': 5, 'covariance_type': 'diag'}",0.8883333333333333,0.8953254960380199,"{'bootstrap': True, 'ccp_alpha': 0.0, 'class_weight': None, 'criterion': 'gini', 'max_depth': None, 'max_features': 'sqrt', 'max_leaf_nodes': None, 'max_samples': None, 'min_impurity_decrease': 0.0, 'min_samples_leaf': 1, 'min_samples_split': 2, 'min_weight_fraction_leaf': 0.0, 'monotonic_cst': None, 'n_estimators': 100, 'n_jobs': None, 'oob_score': False, 'random_state': 42, 'verbose': 0, 'warm_start': False}",0.8285298347473145
Coffee,4,5,7,10,LinearSVC,HMM_GMM,10,"{'n_components': 3, 'n_mix': 5, 'covariance_type': 'diag'}",0.73,0.7393360442839076,"{'C': 1.0, 'class_weight': None, 'dual': False, 'fit_intercept': True, 'intercept_scaling': 1, 'loss': 'squared_hinge', 'max_iter': 100, 'multi_class': 'ovr', 'penalty': 'l2', 'random_state': 42, 'tol': 0.0001, 'verbose': 0}",0.09686470031738281
Coffee,4,5,7,10,LogisticRegression,HMM_GMM,10,"{'n_components': 3, 'n_mix': 5, 'covariance_type': 'diag'}",0.6966666666666667,0.7035087719298245,"{'C': 1.0, 'class_weight': None, 'dual': False, 'fit_intercept': True, 'intercept_scaling': 1, 'l1_ratio': None, 'max_iter': 100, 'multi_class': 'deprecated', 'n_jobs': None, 'penalty': 'l2', 'random_state': 42, 'solver': 'lbfgs', 'tol': 0.0001, 'verbose': 0, 'warm_start': False}",0.3216590881347656
Coffee,4,5,8,1,KNN,Baseline,N/A,N/A,0.6083333333333333,0.5398592504986072,"{'algorithm': 'auto', 'leaf_size': 30, 'metric': 'minkowski', 'metric_params': None, 'n_jobs': None, 'n_neighbors': 5, 'p': 2, 'weights': 'uniform'}",0.03168535232543945
Coffee,4,5,8,1,KNN,Tuned_Baseline,N/A,N/A,0.6083333333333333,0.5401574105133753,"{'algorithm': 'auto', 'leaf_size': 30, 'metric': 'euclidean', 'metric_params': None, 'n_jobs': None, 'n_neighbors': np.int64(9), 'p': 2, 'weights': 'distance'}",0.005916118621826172
Coffee,4,5,8,1,RandomForest,Baseline,N/A,N/A,0.7816666666666666,0.7846807793601775,"{'bootstrap': True, 'ccp_alpha': 0.0, 'class_weight': None, 'criterion': 'gini', 'max_depth': None, 'max_features': 'sqrt', 'max_leaf_nodes': None, 'max_samples': None, 'min_impurity_decrease': 0.0, 'min_samples_leaf': 1, 'min_samples_split': 2, 'min_weight_fraction_leaf': 0.0, 'monotonic_cst': None, 'n_estimators': 100, 'n_jobs': None, 'oob_score': False, 'random_state': 42, 'verbose': 0, 'warm_start': False}",0.31762051582336426
Coffee,4,5,8,1,RandomForest,Tuned_Baseline,N/A,N/A,0.795,0.800159635910358,"{'bootstrap': True, 'ccp_alpha': 0.0, 'class_weight': 'balanced', 'criterion': 'gini', 'max_depth': 10, 'max_features': 'sqrt', 'max_leaf_nodes': None, 'max_samples': None, 'min_impurity_decrease': 0.0, 'min_samples_leaf': 1, 'min_samples_split': 5, 'min_weight_fraction_leaf': 0.0, 'monotonic_cst': None, 'n_estimators': 50, 'n_jobs': None, 'oob_score': False, 'random_state': 42, 'verbose': 0, 'warm_start': False}",0.003238201141357422
Coffee,4,5,8,1,LinearSVC,Baseline,N/A,N/A,0.5533333333333333,0.46471652234275374,"{'C': 1.0, 'class_weight': None, 'dual': False, 'fit_intercept': True, 'intercept_scaling': 1, 'loss': 'squared_hinge', 'max_iter': 100, 'multi_class': 'ovr', 'penalty': 'l2', 'random_state': 42, 'tol': 0.0001, 'verbose': 0}",0.006254673004150391
Coffee,4,5,8,1,LinearSVC,Tuned_Baseline,N/A,N/A,0.6783333333333333,0.6494103603616675,"{'C': np.float64(1000.0), 'class_weight': 'balanced', 'dual': False, 'fit_intercept': True, 'intercept_scaling': 1, 'loss': 'squared_hinge', 'max_iter': 100, 'multi_class': 'ovr', 'penalty': 'l2', 'random_state': 42, 'tol': 0.001, 'verbose': 0}",0.0002567768096923828
Coffee,4,5,8,1,LogisticRegression,Baseline,N/A,N/A,0.5966666666666667,0.5552793962038265,"{'C': 1.0, 'class_weight': None, 'dual': False, 'fit_intercept': True, 'intercept_scaling': 1, 'l1_ratio': None, 'max_iter': 100, 'multi_class': 'deprecated', 'n_jobs': None, 'penalty': 'l2', 'random_state': 42, 'solver': 'lbfgs', 'tol': 0.0001, 'verbose': 0, 'warm_start': False}",0.30117225646972656
Coffee,4,5,8,1,LogisticRegression,Tuned_Baseline,N/A,N/A,0.7133333333333334,0.7127494123381473,"{'C': np.float64(6.1584821106602545), 'class_weight': None, 'dual': False, 'fit_intercept': True, 'intercept_scaling': 1, 'l1_ratio': None, 'max_iter': 100, 'multi_class': 'deprecated', 'n_jobs': None, 'penalty': 'l2', 'random_state': 42, 'solver': 'lbfgs', 'tol': 0.0001, 'verbose': 0, 'warm_start': False}",0.00031757354736328125
Coffee,4,5,8,1,RNN,Tuned_Baseline,N/A,N/A,0.16666666666666666,0.047619047619047616,"{'hidden_size': 64, 'epochs': 10, 'batch_size': 32, 'lr': 0.001}",2.4080276489257812e-05
Coffee,4,5,8,2,KNN,HMM_GMM,1,"{'n_components': 2, 'n_mix': 1, 'covariance_type': 'diag'}",0.6083333333333333,0.540006306046018,"{'algorithm': 'auto', 'leaf_size': 30, 'metric': 'euclidean', 'metric_params': None, 'n_jobs': None, 'n_neighbors': np.int64(9), 'p': 2, 'weights': 'distance'}",0.011900186538696289
Coffee,4,5,8,2,RandomForest,HMM_GMM,1,"{'n_components': 2, 'n_mix': 1, 'covariance_type': 'diag'}",0.7283333333333334,0.712523643902856,"{'bootstrap': True, 'ccp_alpha': 0.0, 'class_weight': 'balanced', 'criterion': 'gini', 'max_depth': 10, 'max_features': 'sqrt', 'max_leaf_nodes': None, 'max_samples': None, 'min_impurity_decrease': 0.0, 'min_samples_leaf': 1, 'min_samples_split': 5, 'min_weight_fraction_leaf': 0.0, 'monotonic_cst': None, 'n_estimators': 50, 'n_jobs': None, 'oob_score': False, 'random_state': 42, 'verbose': 0, 'warm_start': False}",0.18876314163208008
Coffee,4,5,8,2,LinearSVC,HMM_GMM,1,"{'n_components': 2, 'n_mix': 1, 'covariance_type': 'diag'}",0.5066666666666667,0.3848287291432235,"{'C': np.float64(33.59818286283781), 'class_weight': None, 'dual': False, 'fit_intercept': True, 'intercept_scaling': 1, 'loss': 'squared_hinge', 'max_iter': 100, 'multi_class': 'ovr', 'penalty': 'l1', 'random_state': 42, 'tol': 0.001, 'verbose': 0}",0.010741949081420898
Coffee,4,5,8,2,LogisticRegression,HMM_GMM,1,"{'n_components': 2, 'n_mix': 1, 'covariance_type': 'diag'}",0.6816666666666666,0.6668090785481403,"{'C': np.float64(0.4832930238571752), 'class_weight': 'balanced', 'dual': False, 'fit_intercept': True, 'intercept_scaling': 1, 'l1_ratio': None, 'max_iter': 100, 'multi_class': 'deprecated', 'n_jobs': None, 'penalty': 'l1', 'random_state': 42, 'solver': 'saga', 'tol': 0.0001, 'verbose': 0, 'warm_start': False}",0.04582643508911133
Coffee,4,5,8,2,KNN,HMM_GMM,2,"{'n_components': 2, 'n_mix': 4, 'covariance_type': 'tied'}",0.605,0.5378447810715695,"{'algorithm': 'auto', 'leaf_size': 30, 'metric': 'euclidean', 'metric_params': None, 'n_jobs': None, 'n_neighbors': np.int64(9), 'p': 2, 'weights': 'distance'}",0.009670019149780273
Coffee,4,5,8,2,RandomForest,HMM_GMM,2,"{'n_components': 2, 'n_mix': 4, 'covariance_type': 'tied'}",0.715,0.6934221001613543,"{'bootstrap': True, 'ccp_alpha': 0.0, 'class_weight': 'balanced', 'criterion': 'gini', 'max_depth': 20, 'max_features': 'sqrt', 'max_leaf_nodes': None, 'max_samples': None, 'min_impurity_decrease': 0.0, 'min_samples_leaf': 2, 'min_samples_split': 5, 'min_weight_fraction_leaf': 0.0, 'monotonic_cst': None, 'n_estimators': 50, 'n_jobs': None, 'oob_score': False, 'random_state': 42, 'verbose': 0, 'warm_start': False}",0.2181403636932373
Coffee,4,5,8,2,LinearSVC,HMM_GMM,2,"{'n_components': 2, 'n_mix': 4, 'covariance_type': 'tied'}",0.4866666666666667,0.34616621029583117,"{'C': np.float64(183.29807108324337), 'class_weight': None, 'dual': False, 'fit_intercept': True, 'intercept_scaling': 1, 'loss': 'squared_hinge', 'max_iter': 100, 'multi_class': 'ovr', 'penalty': 'l1', 'random_state': 42, 'tol': 0.001, 'verbose': 0}",0.023413896560668945
Coffee,4,5,8,2,LogisticRegression,HMM_GMM,2,"{'n_components': 2, 'n_mix': 4, 'covariance_type': 'tied'}",0.6966666666666667,0.6852245169805555,"{'C': np.float64(2.6366508987303554), 'class_weight': 'balanced', 'dual': False, 'fit_intercept': True, 'intercept_scaling': 1, 'l1_ratio': None, 'max_iter': 100, 'multi_class': 'deprecated', 'n_jobs': None, 'penalty': 'l1', 'random_state': 42, 'solver': 'saga', 'tol': 0.0001, 'verbose': 0, 'warm_start': False}",0.11850118637084961
Coffee,4,5,8,2,KNN,HMM_GMM,3,"{'n_components': 1, 'n_mix': 3, 'covariance_type': 'diag'}",0.6116666666666667,0.5450276415025159,"{'algorithm': 'auto', 'leaf_size': 30, 'metric': 'euclidean', 'metric_params': None, 'n_jobs': None, 'n_neighbors': np.int64(9), 'p': 2, 'weights': 'distance'}",0.010545730590820312
Coffee,4,5,8,2,RandomForest,HMM_GMM,3,"{'n_components': 1, 'n_mix': 3, 'covariance_type': 'diag'}",0.7583333333333333,0.7481439925198692,"{'bootstrap': True, 'ccp_alpha': 0.0, 'class_weight': 'balanced', 'criterion': 'gini', 'max_depth': 30, 'max_features': 'sqrt', 'max_leaf_nodes': None, 'max_samples': None, 'min_impurity_decrease': 0.0, 'min_samples_leaf': 1, 'min_samples_split': 2, 'min_weight_fraction_leaf': 0.0, 'monotonic_cst': None, 'n_estimators': 150, 'n_jobs': None, 'oob_score': False, 'random_state': 42, 'verbose': 0, 'warm_start': False}",0.6134989261627197
Coffee,4,5,8,2,LinearSVC,HMM_GMM,3,"{'n_components': 1, 'n_mix': 3, 'covariance_type': 'diag'}",0.525,0.4007790781047651,"{'C': np.float64(2.6366508987303554), 'class_weight': 'balanced', 'dual': False, 'fit_intercept': True, 'intercept_scaling': 1, 'loss': 'squared_hinge', 'max_iter': 100, 'multi_class': 'ovr', 'penalty': 'l1', 'random_state': 42, 'tol': 0.0001, 'verbose': 0}",0.02088189125061035
Coffee,4,5,8,2,LogisticRegression,HMM_GMM,3,"{'n_components': 1, 'n_mix': 3, 'covariance_type': 'diag'}",0.7416666666666667,0.7329661377770886,"{'C': np.float64(2.6366508987303554), 'class_weight': 'balanced', 'dual': False, 'fit_intercept': True, 'intercept_scaling': 1, 'l1_ratio': None, 'max_iter': 100, 'multi_class': 'deprecated', 'n_jobs': None, 'penalty': 'l1', 'random_state': 42, 'solver': 'saga', 'tol': 0.0001, 'verbose': 0, 'warm_start': False}",0.09209203720092773
Coffee,4,5,8,2,KNN,HMM_GMM,4,"{'n_components': 4, 'n_mix': 3, 'covariance_type': 'diag'}",0.6083333333333333,0.5411683508081878,"{'algorithm': 'auto', 'leaf_size': 30, 'metric': 'chebyshev', 'metric_params': None, 'n_jobs': None, 'n_neighbors': np.int64(5), 'p': 2, 'weights': 'uniform'}",0.030818700790405273
Coffee,4,5,8,2,RandomForest,HMM_GMM,4,"{'n_components': 4, 'n_mix': 3, 'covariance_type': 'diag'}",0.8366666666666667,0.8417469617153824,"{'bootstrap': True, 'ccp_alpha': 0.0, 'class_weight': 'balanced', 'criterion': 'gini', 'max_depth': None, 'max_features': 'sqrt', 'max_leaf_nodes': None, 'max_samples': None, 'min_impurity_decrease': 0.0, 'min_samples_leaf': 2, 'min_samples_split': 2, 'min_weight_fraction_leaf': 0.0, 'monotonic_cst': None, 'n_estimators': 150, 'n_jobs': None, 'oob_score': False, 'random_state': 42, 'verbose': 0, 'warm_start': False}",0.668940544128418
Coffee,4,5,8,2,LinearSVC,HMM_GMM,4,"{'n_components': 4, 'n_mix': 3, 'covariance_type': 'diag'}",0.43666666666666665,0.32633352896922563,"{'C': np.float64(33.59818286283781), 'class_weight': None, 'dual': False, 'fit_intercept': True, 'intercept_scaling': 1, 'loss': 'squared_hinge', 'max_iter': 100, 'multi_class': 'ovr', 'penalty': 'l1', 'random_state': 42, 'tol': 0.001, 'verbose': 0}",0.023536205291748047
Coffee,4,5,8,2,LogisticRegression,HMM_GMM,4,"{'n_components': 4, 'n_mix': 3, 'covariance_type': 'diag'}",0.515,0.47969591164885195,"{'C': np.float64(33.59818286283781), 'class_weight': 'balanced', 'dual': False, 'fit_intercept': True, 'intercept_scaling': 1, 'l1_ratio': None, 'max_iter': 100, 'multi_class': 'deprecated', 'n_jobs': None, 'penalty': 'l1', 'random_state': 42, 'solver': 'saga', 'tol': 0.0001, 'verbose': 0, 'warm_start': False}",0.10892844200134277
Coffee,4,5,8,2,KNN,HMM_GMM,5,"{'n_components': 1, 'n_mix': 1, 'covariance_type': 'tied'}",0.6483333333333333,0.6081169808072118,"{'algorithm': 'auto', 'leaf_size': 30, 'metric': 'euclidean', 'metric_params': None, 'n_jobs': None, 'n_neighbors': np.int64(9), 'p': 2, 'weights': 'distance'}",0.009480714797973633
Coffee,4,5,8,2,RandomForest,HMM_GMM,5,"{'n_components': 1, 'n_mix': 1, 'covariance_type': 'tied'}",0.65,0.6300574826449072,"{'bootstrap': True, 'ccp_alpha': 0.0, 'class_weight': 'balanced', 'criterion': 'gini', 'max_depth': None, 'max_features': 'sqrt', 'max_leaf_nodes': None, 'max_samples': None, 'min_impurity_decrease': 0.0, 'min_samples_leaf': 2, 'min_samples_split': 2, 'min_weight_fraction_leaf': 0.0, 'monotonic_cst': None, 'n_estimators': 150, 'n_jobs': None, 'oob_score': False, 'random_state': 42, 'verbose': 0, 'warm_start': False}",0.6096866130828857
Coffee,4,5,8,2,LinearSVC,HMM_GMM,5,"{'n_components': 1, 'n_mix': 1, 'covariance_type': 'tied'}",0.495,0.34580754166026384,"{'C': np.float64(33.59818286283781), 'class_weight': None, 'dual': False, 'fit_intercept': True, 'intercept_scaling': 1, 'loss': 'squared_hinge', 'max_iter': 100, 'multi_class': 'ovr', 'penalty': 'l1', 'random_state': 42, 'tol': 0.001, 'verbose': 0}",0.022279024124145508
Coffee,4,5,8,2,LogisticRegression,HMM_GMM,5,"{'n_components': 1, 'n_mix': 1, 'covariance_type': 'tied'}",0.6916666666666667,0.6906475783663967,"{'C': np.float64(33.59818286283781), 'class_weight': None, 'dual': False, 'fit_intercept': True, 'intercept_scaling': 1, 'l1_ratio': None, 'max_iter': 100, 'multi_class': 'deprecated', 'n_jobs': None, 'penalty': 'l2', 'random_state': 42, 'solver': 'saga', 'tol': 0.0001, 'verbose': 0, 'warm_start': False}",0.09084463119506836
Coffee,4,5,8,2,KNN,HMM_GMM,6,"{'n_components': 4, 'n_mix': 3, 'covariance_type': 'diag'}",0.6083333333333333,0.5411683508081878,"{'algorithm': 'auto', 'leaf_size': 30, 'metric': 'chebyshev', 'metric_params': None, 'n_jobs': None, 'n_neighbors': np.int64(5), 'p': 2, 'weights': 'uniform'}",0.025246858596801758
Coffee,4,5,8,2,RandomForest,HMM_GMM,6,"{'n_components': 4, 'n_mix': 3, 'covariance_type': 'diag'}",0.8383333333333334,0.8433389217889906,"{'bootstrap': True, 'ccp_alpha': 0.0, 'class_weight': 'balanced', 'criterion': 'gini', 'max_depth': None, 'max_features': 'sqrt', 'max_leaf_nodes': None, 'max_samples': None, 'min_impurity_decrease': 0.0, 'min_samples_leaf': 2, 'min_samples_split': 2, 'min_weight_fraction_leaf': 0.0, 'monotonic_cst': None, 'n_estimators': 150, 'n_jobs': None, 'oob_score': False, 'random_state': 42, 'verbose': 0, 'warm_start': False}",0.6592955589294434
Coffee,4,5,8,2,LinearSVC,HMM_GMM,6,"{'n_components': 4, 'n_mix': 3, 'covariance_type': 'diag'}",0.43666666666666665,0.32633352896922563,"{'C': np.float64(33.59818286283781), 'class_weight': None, 'dual': False, 'fit_intercept': True, 'intercept_scaling': 1, 'loss': 'squared_hinge', 'max_iter': 100, 'multi_class': 'ovr', 'penalty': 'l1', 'random_state': 42, 'tol': 0.001, 'verbose': 0}",0.022638559341430664
Coffee,4,5,8,2,LogisticRegression,HMM_GMM,6,"{'n_components': 4, 'n_mix': 3, 'covariance_type': 'diag'}",0.5166666666666667,0.4820424292901357,"{'C': np.float64(33.59818286283781), 'class_weight': 'balanced', 'dual': False, 'fit_intercept': True, 'intercept_scaling': 1, 'l1_ratio': None, 'max_iter': 100, 'multi_class': 'deprecated', 'n_jobs': None, 'penalty': 'l1', 'random_state': 42, 'solver': 'saga', 'tol': 0.0001, 'verbose': 0, 'warm_start': False}",0.10056447982788086
Coffee,4,5,8,2,KNN,HMM_GMM,7,"{'n_components': 2, 'n_mix': 5, 'covariance_type': 'diag'}",0.66,0.621914636822471,"{'algorithm': 'auto', 'leaf_size': 30, 'metric': 'euclidean', 'metric_params': None, 'n_jobs': None, 'n_neighbors': np.int64(9), 'p': 2, 'weights': 'distance'}",0.010224580764770508
Coffee,4,5,8,2,RandomForest,HMM_GMM,7,"{'n_components': 2, 'n_mix': 5, 'covariance_type': 'diag'}",0.855,0.8591206964339392,"{'bootstrap': True, 'ccp_alpha': 0.0, 'class_weight': 'balanced', 'criterion': 'gini', 'max_depth': None, 'max_features': 'sqrt', 'max_leaf_nodes': None, 'max_samples': None, 'min_impurity_decrease': 0.0, 'min_samples_leaf': 2, 'min_samples_split': 2, 'min_weight_fraction_leaf': 0.0, 'monotonic_cst': None, 'n_estimators': 150, 'n_jobs': None, 'oob_score': False, 'random_state': 42, 'verbose': 0, 'warm_start': False}",0.5317039489746094
Coffee,4,5,8,2,LinearSVC,HMM_GMM,7,"{'n_components': 2, 'n_mix': 5, 'covariance_type': 'diag'}",0.5,0.35037869084708817,"{'C': np.float64(33.59818286283781), 'class_weight': None, 'dual': False, 'fit_intercept': True, 'intercept_scaling': 1, 'loss': 'squared_hinge', 'max_iter': 100, 'multi_class': 'ovr', 'penalty': 'l1', 'random_state': 42, 'tol': 0.001, 'verbose': 0}",0.022797584533691406
Coffee,4,5,8,2,LogisticRegression,HMM_GMM,7,"{'n_components': 2, 'n_mix': 5, 'covariance_type': 'diag'}",0.72,0.7171478977848733,"{'C': np.float64(33.59818286283781), 'class_weight': 'balanced', 'dual': False, 'fit_intercept': True, 'intercept_scaling': 1, 'l1_ratio': None, 'max_iter': 100, 'multi_class': 'deprecated', 'n_jobs': None, 'penalty': 'l2', 'random_state': 42, 'solver': 'saga', 'tol': 0.0001, 'verbose': 0, 'warm_start': False}",0.0738685131072998
Coffee,4,5,8,2,KNN,HMM_GMM,8,"{'n_components': 1, 'n_mix': 3, 'covariance_type': 'full'}",0.63,0.5739776868181538,"{'algorithm': 'auto', 'leaf_size': 30, 'metric': 'chebyshev', 'metric_params': None, 'n_jobs': None, 'n_neighbors': np.int64(5), 'p': 2, 'weights': 'uniform'}",0.026396512985229492
Coffee,4,5,8,2,RandomForest,HMM_GMM,8,"{'n_components': 1, 'n_mix': 3, 'covariance_type': 'full'}",0.8283333333333334,0.8323806273736263,"{'bootstrap': True, 'ccp_alpha': 0.0, 'class_weight': 'balanced', 'criterion': 'gini', 'max_depth': None, 'max_features': 'sqrt', 'max_leaf_nodes': None, 'max_samples': None, 'min_impurity_decrease': 0.0, 'min_samples_leaf': 1, 'min_samples_split': 2, 'min_weight_fraction_leaf': 0.0, 'monotonic_cst': None, 'n_estimators': 50, 'n_jobs': None, 'oob_score': False, 'random_state': 42, 'verbose': 0, 'warm_start': False}",0.1997363567352295
Coffee,4,5,8,2,LinearSVC,HMM_GMM,8,"{'n_components': 1, 'n_mix': 3, 'covariance_type': 'full'}",0.515,0.3880959165435904,"{'C': np.float64(183.29807108324337), 'class_weight': 'balanced', 'dual': False, 'fit_intercept': True, 'intercept_scaling': 1, 'loss': 'squared_hinge', 'max_iter': 100, 'multi_class': 'ovr', 'penalty': 'l1', 'random_state': 42, 'tol': 0.0001, 'verbose': 0}",0.030439376831054688
Coffee,4,5,8,2,LogisticRegression,HMM_GMM,8,"{'n_components': 1, 'n_mix': 3, 'covariance_type': 'full'}",0.7933333333333333,0.7991811615198323,"{'C': np.float64(33.59818286283781), 'class_weight': None, 'dual': False, 'fit_intercept': True, 'intercept_scaling': 1, 'l1_ratio': None, 'max_iter': 100, 'multi_class': 'deprecated', 'n_jobs': None, 'penalty': 'l2', 'random_state': 42, 'solver': 'saga', 'tol': 0.0001, 'verbose': 0, 'warm_start': False}",0.07573747634887695
Coffee,4,5,8,2,KNN,HMM_GMM,9,"{'n_components': 5, 'n_mix': 1, 'covariance_type': 'diag'}",0.6466666666666666,0.5980643192213987,"{'algorithm': 'auto', 'leaf_size': 30, 'metric': 'euclidean', 'metric_params': None, 'n_jobs': None, 'n_neighbors': np.int64(9), 'p': 2, 'weights': 'distance'}",0.01095128059387207
Coffee,4,5,8,2,RandomForest,HMM_GMM,9,"{'n_components': 5, 'n_mix': 1, 'covariance_type': 'diag'}",0.7883333333333333,0.7830684110999521,"{'bootstrap': True, 'ccp_alpha': 0.0, 'class_weight': 'balanced', 'criterion': 'gini', 'max_depth': 10, 'max_features': 'sqrt', 'max_leaf_nodes': None, 'max_samples': None, 'min_impurity_decrease': 0.0, 'min_samples_leaf': 1, 'min_samples_split': 5, 'min_weight_fraction_leaf': 0.0, 'monotonic_cst': None, 'n_estimators': 50, 'n_jobs': None, 'oob_score': False, 'random_state': 42, 'verbose': 0, 'warm_start': False}",0.28896021842956543
Coffee,4,5,8,2,LinearSVC,HMM_GMM,9,"{'n_components': 5, 'n_mix': 1, 'covariance_type': 'diag'}",0.5683333333333334,0.4832012762001352,"{'C': np.float64(0.4832930238571752), 'class_weight': None, 'dual': False, 'fit_intercept': True, 'intercept_scaling': 1, 'loss': 'squared_hinge', 'max_iter': 100, 'multi_class': 'ovr', 'penalty': 'l1', 'random_state': 42, 'tol': 0.0001, 'verbose': 0}",0.02467060089111328
Coffee,4,5,8,2,LogisticRegression,HMM_GMM,9,"{'n_components': 5, 'n_mix': 1, 'covariance_type': 'diag'}",0.78,0.775075875652329,"{'C': np.float64(33.59818286283781), 'class_weight': None, 'dual': False, 'fit_intercept': True, 'intercept_scaling': 1, 'l1_ratio': None, 'max_iter': 100, 'multi_class': 'deprecated', 'n_jobs': None, 'penalty': 'l2', 'random_state': 42, 'solver': 'saga', 'tol': 0.0001, 'verbose': 0, 'warm_start': False}",0.02358722686767578
Coffee,4,5,8,2,KNN,HMM_GMM,10,"{'n_components': 3, 'n_mix': 5, 'covariance_type': 'diag'}",0.6566666666666666,0.6130462787509118,"{'algorithm': 'auto', 'leaf_size': 30, 'metric': 'euclidean', 'metric_params': None, 'n_jobs': None, 'n_neighbors': np.int64(9), 'p': 2, 'weights': 'distance'}",0.009487390518188477
Coffee,4,5,8,2,RandomForest,HMM_GMM,10,"{'n_components': 3, 'n_mix': 5, 'covariance_type': 'diag'}",0.8233333333333334,0.8289716828478965,"{'bootstrap': True, 'ccp_alpha': 0.0, 'class_weight': 'balanced', 'criterion': 'gini', 'max_depth': 10, 'max_features': 'sqrt', 'max_leaf_nodes': None, 'max_samples': None, 'min_impurity_decrease': 0.0, 'min_samples_leaf': 1, 'min_samples_split': 5, 'min_weight_fraction_leaf': 0.0, 'monotonic_cst': None, 'n_estimators': 50, 'n_jobs': None, 'oob_score': False, 'random_state': 42, 'verbose': 0, 'warm_start': False}",0.22739267349243164
Coffee,4,5,8,2,LinearSVC,HMM_GMM,10,"{'n_components': 3, 'n_mix': 5, 'covariance_type': 'diag'}",0.5066666666666667,0.3641319520534581,"{'C': np.float64(0.4832930238571752), 'class_weight': 'balanced', 'dual': False, 'fit_intercept': True, 'intercept_scaling': 1, 'loss': 'squared_hinge', 'max_iter': 100, 'multi_class': 'ovr', 'penalty': 'l2', 'random_state': 42, 'tol': 0.0001, 'verbose': 0}",0.009630918502807617
Coffee,4,5,8,2,LogisticRegression,HMM_GMM,10,"{'n_components': 3, 'n_mix': 5, 'covariance_type': 'diag'}",0.7033333333333334,0.6853561216391055,"{'C': np.float64(2.6366508987303554), 'class_weight': 'balanced', 'dual': False, 'fit_intercept': True, 'intercept_scaling': 1, 'l1_ratio': None, 'max_iter': 100, 'multi_class': 'deprecated', 'n_jobs': None, 'penalty': 'l1', 'random_state': 42, 'solver': 'saga', 'tol': 0.0001, 'verbose': 0, 'warm_start': False}",0.11619353294372559
Coffee,4,5,8,3,KNN,HMM_GMM,1,"{'n_components': 2, 'n_mix': 1, 'covariance_type': 'diag'}",0.6083333333333333,0.540006306046018,"{'algorithm': 'auto', 'leaf_size': 30, 'metric': 'euclidean', 'metric_params': None, 'n_jobs': None, 'n_neighbors': np.int64(9), 'p': 2, 'weights': 'distance'}",0.014954090118408203
Coffee,4,5,8,3,RandomForest,HMM_GMM,1,"{'n_components': 2, 'n_mix': 1, 'covariance_type': 'diag'}",0.74,0.7264880757208122,"{'bootstrap': True, 'ccp_alpha': 0.0, 'class_weight': 'balanced', 'criterion': 'gini', 'max_depth': None, 'max_features': 'sqrt', 'max_leaf_nodes': None, 'max_samples': None, 'min_impurity_decrease': 0.0, 'min_samples_leaf': 2, 'min_samples_split': 2, 'min_weight_fraction_leaf': 0.0, 'monotonic_cst': None, 'n_estimators': 150, 'n_jobs': None, 'oob_score': False, 'random_state': 42, 'verbose': 0, 'warm_start': False}",0.7835099697113037
Coffee,4,5,8,3,LinearSVC,HMM_GMM,1,"{'n_components': 2, 'n_mix': 1, 'covariance_type': 'diag'}",0.47833333333333333,0.3543385179071258,"{'C': np.float64(0.2069138081114788), 'class_weight': 'balanced', 'dual': False, 'fit_intercept': False, 'intercept_scaling': 1, 'loss': 'squared_hinge', 'max_iter': 100, 'multi_class': 'ovr', 'penalty': 'l2', 'random_state': 42, 'tol': 0.0001, 'verbose': 0}",0.010996341705322266
Coffee,4,5,8,3,LogisticRegression,HMM_GMM,1,"{'n_components': 2, 'n_mix': 1, 'covariance_type': 'diag'}",0.6683333333333333,0.6556514008695531,"{'C': np.float64(33.59818286283781), 'class_weight': 'balanced', 'dual': False, 'fit_intercept': True, 'intercept_scaling': 1, 'l1_ratio': None, 'max_iter': 100, 'multi_class': 'deprecated', 'n_jobs': None, 'penalty': 'l1', 'random_state': 42, 'solver': 'saga', 'tol': 0.0001, 'verbose': 0, 'warm_start': False}",0.15016770362854004
Coffee,4,5,8,3,KNN,HMM_GMM,2,"{'n_components': 2, 'n_mix': 4, 'covariance_type': 'tied'}",0.605,0.5354471843500056,"{'algorithm': 'auto', 'leaf_size': 30, 'metric': 'minkowski', 'metric_params': None, 'n_jobs': None, 'n_neighbors': np.int64(13), 'p': 4, 'weights': 'distance'}",0.03524899482727051
Coffee,4,5,8,3,RandomForest,HMM_GMM,2,"{'n_components': 2, 'n_mix': 4, 'covariance_type': 'tied'}",0.7016666666666667,0.6780261128118231,"{'bootstrap': True, 'ccp_alpha': 0.0, 'class_weight': 'balanced', 'criterion': 'gini', 'max_depth': None, 'max_features': 'sqrt', 'max_leaf_nodes': None, 'max_samples': None, 'min_impurity_decrease': 0.0, 'min_samples_leaf': 1, 'min_samples_split': 2, 'min_weight_fraction_leaf': 0.0, 'monotonic_cst': None, 'n_estimators': 50, 'n_jobs': None, 'oob_score': False, 'random_state': 42, 'verbose': 0, 'warm_start': False}",0.20974993705749512
Coffee,4,5,8,3,LinearSVC,HMM_GMM,2,"{'n_components': 2, 'n_mix': 4, 'covariance_type': 'tied'}",0.4766666666666667,0.33614036919689183,"{'C': np.float64(33.59818286283781), 'class_weight': None, 'dual': False, 'fit_intercept': True, 'intercept_scaling': 1, 'loss': 'squared_hinge', 'max_iter': 100, 'multi_class': 'ovr', 'penalty': 'l1', 'random_state': 42, 'tol': 0.001, 'verbose': 0}",0.03777265548706055
Coffee,4,5,8,3,LogisticRegression,HMM_GMM,2,"{'n_components': 2, 'n_mix': 4, 'covariance_type': 'tied'}",0.6866666666666666,0.673978873978874,"{'C': np.float64(183.29807108324337), 'class_weight': 'balanced', 'dual': False, 'fit_intercept': True, 'intercept_scaling': 1, 'l1_ratio': None, 'max_iter': 100, 'multi_class': 'deprecated', 'n_jobs': None, 'penalty': 'l1', 'random_state': 42, 'solver': 'saga', 'tol': 0.0001, 'verbose': 0, 'warm_start': False}",0.14709162712097168
Coffee,4,5,8,3,KNN,HMM_GMM,3,"{'n_components': 1, 'n_mix': 3, 'covariance_type': 'diag'}",0.6166666666666667,0.5542701779373019,"{'algorithm': 'auto', 'leaf_size': 30, 'metric': 'minkowski', 'metric_params': None, 'n_jobs': None, 'n_neighbors': np.int64(13), 'p': 4, 'weights': 'distance'}",0.03863167762756348
Coffee,4,5,8,3,RandomForest,HMM_GMM,3,"{'n_components': 1, 'n_mix': 3, 'covariance_type': 'diag'}",0.73,0.7134177218768943,"{'bootstrap': True, 'ccp_alpha': 0.0, 'class_weight': 'balanced', 'criterion': 'gini', 'max_depth': None, 'max_features': 'sqrt', 'max_leaf_nodes': None, 'max_samples': None, 'min_impurity_decrease': 0.0, 'min_samples_leaf': 2, 'min_samples_split': 2, 'min_weight_fraction_leaf': 0.0, 'monotonic_cst': None, 'n_estimators': 150, 'n_jobs': None, 'oob_score': False, 'random_state': 42, 'verbose': 0, 'warm_start': False}",0.689133882522583
Coffee,4,5,8,3,LinearSVC,HMM_GMM,3,"{'n_components': 1, 'n_mix': 3, 'covariance_type': 'diag'}",0.5466666666666666,0.44415729198337894,"{'C': np.float64(1000.0), 'class_weight': 'balanced', 'dual': False, 'fit_intercept': True, 'intercept_scaling': 1, 'loss': 'squared_hinge', 'max_iter': 100, 'multi_class': 'ovr', 'penalty': 'l2', 'random_state': 42, 'tol': 0.001, 'verbose': 0}",0.012375831604003906
Coffee,4,5,8,3,LogisticRegression,HMM_GMM,3,"{'n_components': 1, 'n_mix': 3, 'covariance_type': 'diag'}",0.7366666666666667,0.7270674694905004,"{'C': np.float64(2.6366508987303554), 'class_weight': 'balanced', 'dual': False, 'fit_intercept': True, 'intercept_scaling': 1, 'l1_ratio': None, 'max_iter': 100, 'multi_class': 'deprecated', 'n_jobs': None, 'penalty': 'l1', 'random_state': 42, 'solver': 'saga', 'tol': 0.0001, 'verbose': 0, 'warm_start': False}",0.1397085189819336
Coffee,4,5,8,3,KNN,HMM_GMM,4,"{'n_components': 4, 'n_mix': 3, 'covariance_type': 'diag'}",0.6,0.5321643387542188,"{'algorithm': 'auto', 'leaf_size': 30, 'metric': 'minkowski', 'metric_params': None, 'n_jobs': None, 'n_neighbors': np.int64(13), 'p': 4, 'weights': 'distance'}",0.035065412521362305
Coffee,4,5,8,3,RandomForest,HMM_GMM,4,"{'n_components': 4, 'n_mix': 3, 'covariance_type': 'diag'}",0.825,0.8309829028612987,"{'bootstrap': True, 'ccp_alpha': 0.0, 'class_weight': 'balanced', 'criterion': 'gini', 'max_depth': 20, 'max_features': 'sqrt', 'max_leaf_nodes': None, 'max_samples': None, 'min_impurity_decrease': 0.0, 'min_samples_leaf': 2, 'min_samples_split': 5, 'min_weight_fraction_leaf': 0.0, 'monotonic_cst': None, 'n_estimators': 50, 'n_jobs': None, 'oob_score': False, 'random_state': 42, 'verbose': 0, 'warm_start': False}",0.3645484447479248
Coffee,4,5,8,3,LinearSVC,HMM_GMM,4,"{'n_components': 4, 'n_mix': 3, 'covariance_type': 'diag'}",0.415,0.3258270704038776,"{'C': np.float64(2.6366508987303554), 'class_weight': 'balanced', 'dual': False, 'fit_intercept': True, 'intercept_scaling': 1, 'loss': 'squared_hinge', 'max_iter': 100, 'multi_class': 'ovr', 'penalty': 'l1', 'random_state': 42, 'tol': 0.0001, 'verbose': 0}",0.03648257255554199
Coffee,4,5,8,3,LogisticRegression,HMM_GMM,4,"{'n_components': 4, 'n_mix': 3, 'covariance_type': 'diag'}",0.4866666666666667,0.4489793663365043,"{'C': np.float64(33.59818286283781), 'class_weight': 'balanced', 'dual': False, 'fit_intercept': True, 'intercept_scaling': 1, 'l1_ratio': None, 'max_iter': 100, 'multi_class': 'deprecated', 'n_jobs': None, 'penalty': 'l1', 'random_state': 42, 'solver': 'saga', 'tol': 0.0001, 'verbose': 0, 'warm_start': False}",0.16184639930725098
Coffee,4,5,8,3,KNN,HMM_GMM,5,"{'n_components': 1, 'n_mix': 1, 'covariance_type': 'tied'}",0.6483333333333333,0.6081169808072118,"{'algorithm': 'auto', 'leaf_size': 30, 'metric': 'euclidean', 'metric_params': None, 'n_jobs': None, 'n_neighbors': np.int64(9), 'p': 2, 'weights': 'distance'}",0.013499021530151367
Coffee,4,5,8,3,RandomForest,HMM_GMM,5,"{'n_components': 1, 'n_mix': 1, 'covariance_type': 'tied'}",0.6666666666666666,0.6511322145178039,"{'bootstrap': True, 'ccp_alpha': 0.0, 'class_weight': 'balanced', 'criterion': 'gini', 'max_depth': None, 'max_features': 'sqrt', 'max_leaf_nodes': None, 'max_samples': None, 'min_impurity_decrease': 0.0, 'min_samples_leaf': 1, 'min_samples_split': 20, 'min_weight_fraction_leaf': 0.0, 'monotonic_cst': None, 'n_estimators': 150, 'n_jobs': None, 'oob_score': False, 'random_state': 42, 'verbose': 0, 'warm_start': False}",0.6676671504974365
Coffee,4,5,8,3,LinearSVC,HMM_GMM,5,"{'n_components': 1, 'n_mix': 1, 'covariance_type': 'tied'}",0.5216666666666666,0.41110814059106043,"{'C': np.float64(1000.0), 'class_weight': 'balanced', 'dual': False, 'fit_intercept': True, 'intercept_scaling': 1, 'loss': 'squared_hinge', 'max_iter': 100, 'multi_class': 'ovr', 'penalty': 'l2', 'random_state': 42, 'tol': 0.001, 'verbose': 0}",0.016061782836914062
Coffee,4,5,8,3,LogisticRegression,HMM_GMM,5,"{'n_components': 1, 'n_mix': 1, 'covariance_type': 'tied'}",0.4766666666666667,0.3625806029759201,"{'C': np.float64(0.0001), 'class_weight': 'balanced', 'dual': False, 'fit_intercept': True, 'intercept_scaling': 1, 'l1_ratio': None, 'max_iter': 100, 'multi_class': 'deprecated', 'n_jobs': None, 'penalty': 'l2', 'random_state': 42, 'solver': 'sag', 'tol': 0.0001, 'verbose': 0, 'warm_start': False}",0.016999006271362305
Coffee,4,5,8,3,KNN,HMM_GMM,6,"{'n_components': 4, 'n_mix': 3, 'covariance_type': 'diag'}",0.6,0.5321643387542188,"{'algorithm': 'auto', 'leaf_size': 30, 'metric': 'minkowski', 'metric_params': None, 'n_jobs': None, 'n_neighbors': np.int64(13), 'p': 4, 'weights': 'distance'}",0.03573775291442871
Coffee,4,5,8,3,RandomForest,HMM_GMM,6,"{'n_components': 4, 'n_mix': 3, 'covariance_type': 'diag'}",0.8233333333333334,0.8293738731289403,"{'bootstrap': True, 'ccp_alpha': 0.0, 'class_weight': 'balanced', 'criterion': 'gini', 'max_depth': 20, 'max_features': 'sqrt', 'max_leaf_nodes': None, 'max_samples': None, 'min_impurity_decrease': 0.0, 'min_samples_leaf': 2, 'min_samples_split': 5, 'min_weight_fraction_leaf': 0.0, 'monotonic_cst': None, 'n_estimators': 50, 'n_jobs': None, 'oob_score': False, 'random_state': 42, 'verbose': 0, 'warm_start': False}",0.20500683784484863
Coffee,4,5,8,3,LinearSVC,HMM_GMM,6,"{'n_components': 4, 'n_mix': 3, 'covariance_type': 'diag'}",0.415,0.3258270704038776,"{'C': np.float64(2.6366508987303554), 'class_weight': 'balanced', 'dual': False, 'fit_intercept': True, 'intercept_scaling': 1, 'loss': 'squared_hinge', 'max_iter': 100, 'multi_class': 'ovr', 'penalty': 'l1', 'random_state': 42, 'tol': 0.0001, 'verbose': 0}",0.03338479995727539
Coffee,4,5,8,3,LogisticRegression,HMM_GMM,6,"{'n_components': 4, 'n_mix': 3, 'covariance_type': 'diag'}",0.4866666666666667,0.4489793663365043,"{'C': np.float64(33.59818286283781), 'class_weight': 'balanced', 'dual': False, 'fit_intercept': True, 'intercept_scaling': 1, 'l1_ratio': None, 'max_iter': 100, 'multi_class': 'deprecated', 'n_jobs': None, 'penalty': 'l1', 'random_state': 42, 'solver': 'saga', 'tol': 0.0001, 'verbose': 0, 'warm_start': False}",0.1477196216583252
Coffee,4,5,8,3,KNN,HMM_GMM,7,"{'n_components': 2, 'n_mix': 5, 'covariance_type': 'diag'}",0.66,0.621914636822471,"{'algorithm': 'auto', 'leaf_size': 30, 'metric': 'euclidean', 'metric_params': None, 'n_jobs': None, 'n_neighbors': np.int64(9), 'p': 2, 'weights': 'distance'}",0.04230499267578125
Coffee,4,5,8,3,RandomForest,HMM_GMM,7,"{'n_components': 2, 'n_mix': 5, 'covariance_type': 'diag'}",0.8333333333333334,0.8386567810995026,"{'bootstrap': True, 'ccp_alpha': 0.0, 'class_weight': 'balanced', 'criterion': 'gini', 'max_depth': None, 'max_features': 'sqrt', 'max_leaf_nodes': None, 'max_samples': None, 'min_impurity_decrease': 0.0, 'min_samples_leaf': 1, 'min_samples_split': 2, 'min_weight_fraction_leaf': 0.0, 'monotonic_cst': None, 'n_estimators': 50, 'n_jobs': None, 'oob_score': False, 'random_state': 42, 'verbose': 0, 'warm_start': False}",0.20889925956726074
Coffee,4,5,8,3,LinearSVC,HMM_GMM,7,"{'n_components': 2, 'n_mix': 5, 'covariance_type': 'diag'}",0.5,0.34850083153789435,"{'C': np.float64(1000.0), 'class_weight': 'balanced', 'dual': False, 'fit_intercept': True, 'intercept_scaling': 1, 'loss': 'squared_hinge', 'max_iter': 100, 'multi_class': 'ovr', 'penalty': 'l2', 'random_state': 42, 'tol': 0.001, 'verbose': 0}",0.015588760375976562
Coffee,4,5,8,3,LogisticRegression,HMM_GMM,7,"{'n_components': 2, 'n_mix': 5, 'covariance_type': 'diag'}",0.7083333333333334,0.7034860327372537,"{'C': np.float64(2.6366508987303554), 'class_weight': 'balanced', 'dual': False, 'fit_intercept': True, 'intercept_scaling': 1, 'l1_ratio': None, 'max_iter': 100, 'multi_class': 'deprecated', 'n_jobs': None, 'penalty': 'l1', 'random_state': 42, 'solver': 'saga', 'tol': 0.0001, 'verbose': 0, 'warm_start': False}",0.1681201457977295
Coffee,4,5,8,3,KNN,HMM_GMM,8,"{'n_components': 1, 'n_mix': 3, 'covariance_type': 'full'}",0.655,0.611885521048313,"{'algorithm': 'auto', 'leaf_size': 30, 'metric': 'euclidean', 'metric_params': None, 'n_jobs': None, 'n_neighbors': np.int64(9), 'p': 2, 'weights': 'distance'}",0.011699914932250977
Coffee,4,5,8,3,RandomForest,HMM_GMM,8,"{'n_components': 1, 'n_mix': 3, 'covariance_type': 'full'}",0.8383333333333334,0.8428037057899535,"{'bootstrap': True, 'ccp_alpha': 0.0, 'class_weight': None, 'criterion': 'gini', 'max_depth': None, 'max_features': 'sqrt', 'max_leaf_nodes': None, 'max_samples': None, 'min_impurity_decrease': 0.0, 'min_samples_leaf': 4, 'min_samples_split': 2, 'min_weight_fraction_leaf': 0.0, 'monotonic_cst': None, 'n_estimators': 50, 'n_jobs': None, 'oob_score': False, 'random_state': 42, 'verbose': 0, 'warm_start': False}",0.23475003242492676
Coffee,4,5,8,3,LinearSVC,HMM_GMM,8,"{'n_components': 1, 'n_mix': 3, 'covariance_type': 'full'}",0.5116666666666667,0.37922808876915015,"{'C': np.float64(33.59818286283781), 'class_weight': None, 'dual': False, 'fit_intercept': True, 'intercept_scaling': 1, 'loss': 'squared_hinge', 'max_iter': 100, 'multi_class': 'ovr', 'penalty': 'l1', 'random_state': 42, 'tol': 0.001, 'verbose': 0}",0.037970542907714844
Coffee,4,5,8,3,LogisticRegression,HMM_GMM,8,"{'n_components': 1, 'n_mix': 3, 'covariance_type': 'full'}",0.7916666666666666,0.798184727818363,"{'C': np.float64(183.29807108324337), 'class_weight': 'balanced', 'dual': False, 'fit_intercept': True, 'intercept_scaling': 1, 'l1_ratio': None, 'max_iter': 100, 'multi_class': 'deprecated', 'n_jobs': None, 'penalty': 'l1', 'random_state': 42, 'solver': 'saga', 'tol': 0.0001, 'verbose': 0, 'warm_start': False}",0.1623692512512207
Coffee,4,5,8,3,KNN,HMM_GMM,9,"{'n_components': 5, 'n_mix': 1, 'covariance_type': 'diag'}",0.6466666666666666,0.5978146691404904,"{'algorithm': 'auto', 'leaf_size': 30, 'metric': 'minkowski', 'metric_params': None, 'n_jobs': None, 'n_neighbors': np.int64(13), 'p': 4, 'weights': 'distance'}",0.04498553276062012
Coffee,4,5,8,3,RandomForest,HMM_GMM,9,"{'n_components': 5, 'n_mix': 1, 'covariance_type': 'diag'}",0.785,0.7790150487911746,"{'bootstrap': True, 'ccp_alpha': 0.0, 'class_weight': None, 'criterion': 'gini', 'max_depth': 30, 'max_features': 'sqrt', 'max_leaf_nodes': None, 'max_samples': None, 'min_impurity_decrease': 0.0, 'min_samples_leaf': 4, 'min_samples_split': 2, 'min_weight_fraction_leaf': 0.0, 'monotonic_cst': None, 'n_estimators': 50, 'n_jobs': None, 'oob_score': False, 'random_state': 42, 'verbose': 0, 'warm_start': False}",0.2116093635559082
Coffee,4,5,8,3,LinearSVC,HMM_GMM,9,"{'n_components': 5, 'n_mix': 1, 'covariance_type': 'diag'}",0.5833333333333334,0.526173411778689,"{'C': np.float64(0.0069519279617756054), 'class_weight': 'balanced', 'dual': False, 'fit_intercept': False, 'intercept_scaling': 1, 'loss': 'squared_hinge', 'max_iter': 100, 'multi_class': 'ovr', 'penalty': 'l2', 'random_state': 42, 'tol': 0.0001, 'verbose': 0}",0.011748790740966797
Coffee,4,5,8,3,LogisticRegression,HMM_GMM,9,"{'n_components': 5, 'n_mix': 1, 'covariance_type': 'diag'}",0.8,0.798053622410505,"{'C': np.float64(2.6366508987303554), 'class_weight': 'balanced', 'dual': False, 'fit_intercept': True, 'intercept_scaling': 1, 'l1_ratio': None, 'max_iter': 100, 'multi_class': 'deprecated', 'n_jobs': None, 'penalty': 'l1', 'random_state': 42, 'solver': 'saga', 'tol': 0.0001, 'verbose': 0, 'warm_start': False}",0.1370556354522705
Coffee,4,5,8,3,KNN,HMM_GMM,10,"{'n_components': 3, 'n_mix': 5, 'covariance_type': 'diag'}",0.6566666666666666,0.6130462787509118,"{'algorithm': 'auto', 'leaf_size': 30, 'metric': 'euclidean', 'metric_params': None, 'n_jobs': None, 'n_neighbors': np.int64(9), 'p': 2, 'weights': 'distance'}",0.012566328048706055
Coffee,4,5,8,3,RandomForest,HMM_GMM,10,"{'n_components': 3, 'n_mix': 5, 'covariance_type': 'diag'}",0.83,0.8315075919666761,"{'bootstrap': True, 'ccp_alpha': 0.0, 'class_weight': 'balanced', 'criterion': 'gini', 'max_depth': None, 'max_features': 'sqrt', 'max_leaf_nodes': None, 'max_samples': None, 'min_impurity_decrease': 0.0, 'min_samples_leaf': 2, 'min_samples_split': 2, 'min_weight_fraction_leaf': 0.0, 'monotonic_cst': None, 'n_estimators': 150, 'n_jobs': None, 'oob_score': False, 'random_state': 42, 'verbose': 0, 'warm_start': False}",0.6945381164550781
Coffee,4,5,8,3,LinearSVC,HMM_GMM,10,"{'n_components': 3, 'n_mix': 5, 'covariance_type': 'diag'}",0.51,0.37187925196361266,"{'C': np.float64(1000.0), 'class_weight': 'balanced', 'dual': False, 'fit_intercept': True, 'intercept_scaling': 1, 'loss': 'squared_hinge', 'max_iter': 100, 'multi_class': 'ovr', 'penalty': 'l2', 'random_state': 42, 'tol': 0.001, 'verbose': 0}",0.01155233383178711
Coffee,4,5,8,3,LogisticRegression,HMM_GMM,10,"{'n_components': 3, 'n_mix': 5, 'covariance_type': 'diag'}",0.7533333333333333,0.7507465963987702,"{'C': np.float64(33.59818286283781), 'class_weight': 'balanced', 'dual': False, 'fit_intercept': True, 'intercept_scaling': 1, 'l1_ratio': None, 'max_iter': 100, 'multi_class': 'deprecated', 'n_jobs': None, 'penalty': 'l2', 'random_state': 42, 'solver': 'saga', 'tol': 0.0001, 'verbose': 0, 'warm_start': False}",0.1015322208404541
Coffee,4,5,8,5,KNN,HMM_GMM,1,"{'n_components': 2, 'n_mix': 1, 'covariance_type': 'diag'}",0.6033333333333334,0.5315937496577373,"{'algorithm': 'auto', 'leaf_size': 30, 'metric': 'euclidean', 'metric_params': None, 'n_jobs': None, 'n_neighbors': np.int64(15), 'p': 2, 'weights': 'distance'}",0.021481990814208984
Coffee,4,5,8,5,RandomForest,HMM_GMM,1,"{'n_components': 2, 'n_mix': 1, 'covariance_type': 'diag'}",0.7433333333333333,0.7311591486654916,"{'bootstrap': True, 'ccp_alpha': 0.0, 'class_weight': None, 'criterion': 'gini', 'max_depth': 10, 'max_features': 'sqrt', 'max_leaf_nodes': None, 'max_samples': None, 'min_impurity_decrease': 0.0, 'min_samples_leaf': 4, 'min_samples_split': 2, 'min_weight_fraction_leaf': 0.0, 'monotonic_cst': None, 'n_estimators': 50, 'n_jobs': None, 'oob_score': False, 'random_state': 42, 'verbose': 0, 'warm_start': False}",0.28719520568847656
Coffee,4,5,8,5,LinearSVC,HMM_GMM,1,"{'n_components': 2, 'n_mix': 1, 'covariance_type': 'diag'}",0.51,0.40039907319067736,"{'C': np.float64(1000.0), 'class_weight': 'balanced', 'dual': False, 'fit_intercept': True, 'intercept_scaling': 1, 'loss': 'squared_hinge', 'max_iter': 100, 'multi_class': 'ovr', 'penalty': 'l2', 'random_state': 42, 'tol': 0.001, 'verbose': 0}",0.018500328063964844
Coffee,4,5,8,5,LogisticRegression,HMM_GMM,1,"{'n_components': 2, 'n_mix': 1, 'covariance_type': 'diag'}",0.6616666666666666,0.6472985388696244,"{'C': np.float64(0.2069138081114788), 'class_weight': None, 'dual': False, 'fit_intercept': True, 'intercept_scaling': 1, 'l1_ratio': None, 'max_iter': 100, 'multi_class': 'deprecated', 'n_jobs': None, 'penalty': 'l2', 'random_state': 42, 'solver': 'sag', 'tol': 0.0001, 'verbose': 0, 'warm_start': False}",0.05952882766723633
Coffee,4,5,8,5,KNN,HMM_GMM,2,"{'n_components': 2, 'n_mix': 4, 'covariance_type': 'tied'}",0.59,0.5115686465417759,"{'algorithm': 'auto', 'leaf_size': 30, 'metric': 'manhattan', 'metric_params': None, 'n_jobs': None, 'n_neighbors': np.int64(5), 'p': 2, 'weights': 'distance'}",0.017110109329223633
Coffee,4,5,8,5,RandomForest,HMM_GMM,2,"{'n_components': 2, 'n_mix': 4, 'covariance_type': 'tied'}",0.695,0.6651475003913998,"{'bootstrap': True, 'ccp_alpha': 0.0, 'class_weight': 'balanced', 'criterion': 'gini', 'max_depth': None, 'max_features': 'sqrt', 'max_leaf_nodes': None, 'max_samples': None, 'min_impurity_decrease': 0.0, 'min_samples_leaf': 2, 'min_samples_split': 20, 'min_weight_fraction_leaf': 0.0, 'monotonic_cst': None, 'n_estimators': 150, 'n_jobs': None, 'oob_score': False, 'random_state': 42, 'verbose': 0, 'warm_start': False}",0.7519762516021729
Coffee,4,5,8,5,LinearSVC,HMM_GMM,2,"{'n_components': 2, 'n_mix': 4, 'covariance_type': 'tied'}",0.48333333333333334,0.3457181340283518,"{'C': np.float64(33.59818286283781), 'class_weight': 'balanced', 'dual': False, 'fit_intercept': True, 'intercept_scaling': 1, 'loss': 'squared_hinge', 'max_iter': 100, 'multi_class': 'ovr', 'penalty': 'l1', 'random_state': 42, 'tol': 0.001, 'verbose': 0}",0.06043195724487305
Coffee,4,5,8,5,LogisticRegression,HMM_GMM,2,"{'n_components': 2, 'n_mix': 4, 'covariance_type': 'tied'}",0.6883333333333334,0.6737779555498992,"{'C': np.float64(33.59818286283781), 'class_weight': None, 'dual': False, 'fit_intercept': True, 'intercept_scaling': 1, 'l1_ratio': None, 'max_iter': 100, 'multi_class': 'deprecated', 'n_jobs': None, 'penalty': 'l2', 'random_state': 42, 'solver': 'saga', 'tol': 0.0001, 'verbose': 0, 'warm_start': False}",0.22037386894226074
Coffee,4,5,8,5,KNN,HMM_GMM,3,"{'n_components': 1, 'n_mix': 3, 'covariance_type': 'diag'}",0.6166666666666667,0.5542701779373019,"{'algorithm': 'auto', 'leaf_size': 30, 'metric': 'minkowski', 'metric_params': None, 'n_jobs': None, 'n_neighbors': np.int64(13), 'p': 4, 'weights': 'distance'}",0.06734395027160645
Coffee,4,5,8,5,RandomForest,HMM_GMM,3,"{'n_components': 1, 'n_mix': 3, 'covariance_type': 'diag'}",0.7333333333333333,0.7191844153809438,"{'bootstrap': True, 'ccp_alpha': 0.0, 'class_weight': 'balanced', 'criterion': 'gini', 'max_depth': None, 'max_features': 'sqrt', 'max_leaf_nodes': None, 'max_samples': None, 'min_impurity_decrease': 0.0, 'min_samples_leaf': 2, 'min_samples_split': 20, 'min_weight_fraction_leaf': 0.0, 'monotonic_cst': None, 'n_estimators': 150, 'n_jobs': None, 'oob_score': False, 'random_state': 42, 'verbose': 0, 'warm_start': False}",0.9597282409667969
Coffee,4,5,8,5,LinearSVC,HMM_GMM,3,"{'n_components': 1, 'n_mix': 3, 'covariance_type': 'diag'}",0.58,0.5069491550973032,"{'C': np.float64(2.6366508987303554), 'class_weight': 'balanced', 'dual': False, 'fit_intercept': True, 'intercept_scaling': 1, 'loss': 'squared_hinge', 'max_iter': 100, 'multi_class': 'ovr', 'penalty': 'l1', 'random_state': 42, 'tol': 0.0001, 'verbose': 0}",0.04489850997924805
Coffee,4,5,8,5,LogisticRegression,HMM_GMM,3,"{'n_components': 1, 'n_mix': 3, 'covariance_type': 'diag'}",0.715,0.7016539121399101,"{'C': np.float64(0.2069138081114788), 'class_weight': None, 'dual': False, 'fit_intercept': True, 'intercept_scaling': 1, 'l1_ratio': None, 'max_iter': 100, 'multi_class': 'deprecated', 'n_jobs': None, 'penalty': 'l2', 'random_state': 42, 'solver': 'sag', 'tol': 0.0001, 'verbose': 0, 'warm_start': False}",0.05617332458496094
Coffee,4,5,8,5,KNN,HMM_GMM,4,"{'n_components': 4, 'n_mix': 3, 'covariance_type': 'diag'}",0.595,0.5192843325979687,"{'algorithm': 'auto', 'leaf_size': 30, 'metric': 'euclidean', 'metric_params': None, 'n_jobs': None, 'n_neighbors': np.int64(15), 'p': 2, 'weights': 'distance'}",0.018445730209350586
Coffee,4,5,8,5,RandomForest,HMM_GMM,4,"{'n_components': 4, 'n_mix': 3, 'covariance_type': 'diag'}",0.8166666666666667,0.8182908007999304,"{'bootstrap': True, 'ccp_alpha': 0.0, 'class_weight': 'balanced', 'criterion': 'gini', 'max_depth': 30, 'max_features': 'sqrt', 'max_leaf_nodes': None, 'max_samples': None, 'min_impurity_decrease': 0.0, 'min_samples_leaf': 1, 'min_samples_split': 2, 'min_weight_fraction_leaf': 0.0, 'monotonic_cst': None, 'n_estimators': 150, 'n_jobs': None, 'oob_score': False, 'random_state': 42, 'verbose': 0, 'warm_start': False}",0.749589204788208
Coffee,4,5,8,5,LinearSVC,HMM_GMM,4,"{'n_components': 4, 'n_mix': 3, 'covariance_type': 'diag'}",0.40166666666666667,0.33320451296258946,"{'C': np.float64(33.59818286283781), 'class_weight': 'balanced', 'dual': False, 'fit_intercept': True, 'intercept_scaling': 1, 'loss': 'squared_hinge', 'max_iter': 100, 'multi_class': 'ovr', 'penalty': 'l1', 'random_state': 42, 'tol': 0.0001, 'verbose': 0}",0.05241656303405762
Coffee,4,5,8,5,LogisticRegression,HMM_GMM,4,"{'n_components': 4, 'n_mix': 3, 'covariance_type': 'diag'}",0.44333333333333336,0.39087738321134907,"{'C': np.float64(0.4832930238571752), 'class_weight': None, 'dual': False, 'fit_intercept': True, 'intercept_scaling': 1, 'l1_ratio': None, 'max_iter': 100, 'multi_class': 'deprecated', 'n_jobs': None, 'penalty': 'l1', 'random_state': 42, 'solver': 'saga', 'tol': 0.0001, 'verbose': 0, 'warm_start': False}",0.22765207290649414
Coffee,4,5,8,5,KNN,HMM_GMM,5,"{'n_components': 1, 'n_mix': 1, 'covariance_type': 'tied'}",0.645,0.6013463071576292,"{'algorithm': 'auto', 'leaf_size': 30, 'metric': 'minkowski', 'metric_params': None, 'n_jobs': None, 'n_neighbors': np.int64(5), 'p': 3, 'weights': 'distance'}",0.04990410804748535
Coffee,4,5,8,5,RandomForest,HMM_GMM,5,"{'n_components': 1, 'n_mix': 1, 'covariance_type': 'tied'}",0.65,0.628078060330477,"{'bootstrap': True, 'ccp_alpha': 0.0, 'class_weight': 'balanced', 'criterion': 'gini', 'max_depth': None, 'max_features': 'sqrt', 'max_leaf_nodes': None, 'max_samples': None, 'min_impurity_decrease': 0.0, 'min_samples_leaf': 2, 'min_samples_split': 20, 'min_weight_fraction_leaf': 0.0, 'monotonic_cst': None, 'n_estimators': 150, 'n_jobs': None, 'oob_score': False, 'random_state': 42, 'verbose': 0, 'warm_start': False}",1.1662769317626953
Coffee,4,5,8,5,LinearSVC,HMM_GMM,5,"{'n_components': 1, 'n_mix': 1, 'covariance_type': 'tied'}",0.5183333333333333,0.3936492585428755,"{'C': np.float64(183.29807108324337), 'class_weight': 'balanced', 'dual': False, 'fit_intercept': True, 'intercept_scaling': 1, 'loss': 'squared_hinge', 'max_iter': 100, 'multi_class': 'ovr', 'penalty': 'l1', 'random_state': 42, 'tol': 0.0001, 'verbose': 0}",0.06377744674682617
Coffee,4,5,8,5,LogisticRegression,HMM_GMM,5,"{'n_components': 1, 'n_mix': 1, 'covariance_type': 'tied'}",0.6483333333333333,0.6305802350197205,"{'C': np.float64(0.002976351441631319), 'class_weight': None, 'dual': False, 'fit_intercept': True, 'intercept_scaling': 1, 'l1_ratio': None, 'max_iter': 100, 'multi_class': 'deprecated', 'n_jobs': None, 'penalty': 'l2', 'random_state': 42, 'solver': 'saga', 'tol': 0.0001, 'verbose': 0, 'warm_start': False}",0.030143260955810547
Coffee,4,5,8,5,KNN,HMM_GMM,6,"{'n_components': 4, 'n_mix': 3, 'covariance_type': 'diag'}",0.595,0.5192843325979687,"{'algorithm': 'auto', 'leaf_size': 30, 'metric': 'euclidean', 'metric_params': None, 'n_jobs': None, 'n_neighbors': np.int64(15), 'p': 2, 'weights': 'distance'}",0.017495155334472656
Coffee,4,5,8,5,RandomForest,HMM_GMM,6,"{'n_components': 4, 'n_mix': 3, 'covariance_type': 'diag'}",0.8166666666666667,0.8179807084123971,"{'bootstrap': True, 'ccp_alpha': 0.0, 'class_weight': 'balanced', 'criterion': 'gini', 'max_depth': 30, 'max_features': 'sqrt', 'max_leaf_nodes': None, 'max_samples': None, 'min_impurity_decrease': 0.0, 'min_samples_leaf': 1, 'min_samples_split': 2, 'min_weight_fraction_leaf': 0.0, 'monotonic_cst': None, 'n_estimators': 150, 'n_jobs': None, 'oob_score': False, 'random_state': 42, 'verbose': 0, 'warm_start': False}",0.6849322319030762
Coffee,4,5,8,5,LinearSVC,HMM_GMM,6,"{'n_components': 4, 'n_mix': 3, 'covariance_type': 'diag'}",0.40166666666666667,0.33320451296258946,"{'C': np.float64(33.59818286283781), 'class_weight': 'balanced', 'dual': False, 'fit_intercept': True, 'intercept_scaling': 1, 'loss': 'squared_hinge', 'max_iter': 100, 'multi_class': 'ovr', 'penalty': 'l1', 'random_state': 42, 'tol': 0.0001, 'verbose': 0}",0.06166267395019531
Coffee,4,5,8,5,LogisticRegression,HMM_GMM,6,"{'n_components': 4, 'n_mix': 3, 'covariance_type': 'diag'}",0.44333333333333336,0.39087738321134907,"{'C': np.float64(0.4832930238571752), 'class_weight': None, 'dual': False, 'fit_intercept': True, 'intercept_scaling': 1, 'l1_ratio': None, 'max_iter': 100, 'multi_class': 'deprecated', 'n_jobs': None, 'penalty': 'l1', 'random_state': 42, 'solver': 'saga', 'tol': 0.0001, 'verbose': 0, 'warm_start': False}",0.2270679473876953
Coffee,4,5,8,5,KNN,HMM_GMM,7,"{'n_components': 2, 'n_mix': 5, 'covariance_type': 'diag'}",0.6633333333333333,0.6237970978795861,"{'algorithm': 'auto', 'leaf_size': 30, 'metric': 'manhattan', 'metric_params': None, 'n_jobs': None, 'n_neighbors': np.int64(5), 'p': 2, 'weights': 'distance'}",0.018815279006958008
Coffee,4,5,8,5,RandomForest,HMM_GMM,7,"{'n_components': 2, 'n_mix': 5, 'covariance_type': 'diag'}",0.84,0.844356196404992,"{'bootstrap': True, 'ccp_alpha': 0.0, 'class_weight': 'balanced', 'criterion': 'gini', 'max_depth': None, 'max_features': 'sqrt', 'max_leaf_nodes': None, 'max_samples': None, 'min_impurity_decrease': 0.0, 'min_samples_leaf': 1, 'min_samples_split': 2, 'min_weight_fraction_leaf': 0.0, 'monotonic_cst': None, 'n_estimators': 50, 'n_jobs': None, 'oob_score': False, 'random_state': 42, 'verbose': 0, 'warm_start': False}",0.243621826171875
Coffee,4,5,8,5,LinearSVC,HMM_GMM,7,"{'n_components': 2, 'n_mix': 5, 'covariance_type': 'diag'}",0.5016666666666667,0.34902749106717273,"{'C': np.float64(33.59818286283781), 'class_weight': 'balanced', 'dual': False, 'fit_intercept': True, 'intercept_scaling': 1, 'loss': 'squared_hinge', 'max_iter': 100, 'multi_class': 'ovr', 'penalty': 'l1', 'random_state': 42, 'tol': 0.001, 'verbose': 0}",0.13897085189819336
Coffee,4,5,8,5,LogisticRegression,HMM_GMM,7,"{'n_components': 2, 'n_mix': 5, 'covariance_type': 'diag'}",0.6916666666666667,0.6797345797213629,"{'C': np.float64(0.2069138081114788), 'class_weight': None, 'dual': False, 'fit_intercept': True, 'intercept_scaling': 1, 'l1_ratio': None, 'max_iter': 100, 'multi_class': 'deprecated', 'n_jobs': None, 'penalty': 'l2', 'random_state': 42, 'solver': 'sag', 'tol': 0.0001, 'verbose': 0, 'warm_start': False}",0.048981428146362305
Coffee,4,5,8,5,KNN,HMM_GMM,8,"{'n_components': 1, 'n_mix': 3, 'covariance_type': 'full'}",0.67,0.6331026137439615,"{'algorithm': 'auto', 'leaf_size': 30, 'metric': 'manhattan', 'metric_params': None, 'n_jobs': None, 'n_neighbors': np.int64(5), 'p': 2, 'weights': 'distance'}",0.016961097717285156
Coffee,4,5,8,5,RandomForest,HMM_GMM,8,"{'n_components': 1, 'n_mix': 3, 'covariance_type': 'full'}",0.8416666666666667,0.8459580316009085,"{'bootstrap': True, 'ccp_alpha': 0.0, 'class_weight': 'balanced', 'criterion': 'gini', 'max_depth': 30, 'max_features': 'sqrt', 'max_leaf_nodes': None, 'max_samples': None, 'min_impurity_decrease': 0.0, 'min_samples_leaf': 1, 'min_samples_split': 2, 'min_weight_fraction_leaf': 0.0, 'monotonic_cst': None, 'n_estimators': 150, 'n_jobs': None, 'oob_score': False, 'random_state': 42, 'verbose': 0, 'warm_start': False}",0.7406575679779053
Coffee,4,5,8,5,LinearSVC,HMM_GMM,8,"{'n_components': 1, 'n_mix': 3, 'covariance_type': 'full'}",0.635,0.6192730672358342,"{'C': np.float64(6.1584821106602545), 'class_weight': None, 'dual': False, 'fit_intercept': True, 'intercept_scaling': 1, 'loss': 'squared_hinge', 'max_iter': 100, 'multi_class': 'ovr', 'penalty': 'l2', 'random_state': 42, 'tol': 0.0001, 'verbose': 0}",0.026720046997070312
Coffee,4,5,8,5,LogisticRegression,HMM_GMM,8,"{'n_components': 1, 'n_mix': 3, 'covariance_type': 'full'}",0.7633333333333333,0.7701712350878654,"{'C': np.float64(33.59818286283781), 'class_weight': 'balanced', 'dual': False, 'fit_intercept': True, 'intercept_scaling': 1, 'l1_ratio': None, 'max_iter': 100, 'multi_class': 'deprecated', 'n_jobs': None, 'penalty': 'l2', 'random_state': 42, 'solver': 'saga', 'tol': 0.0001, 'verbose': 0, 'warm_start': False}",0.18976759910583496
Coffee,4,5,8,5,KNN,HMM_GMM,9,"{'n_components': 5, 'n_mix': 1, 'covariance_type': 'diag'}",0.65,0.6024330037836683,"{'algorithm': 'auto', 'leaf_size': 30, 'metric': 'minkowski', 'metric_params': None, 'n_jobs': None, 'n_neighbors': np.int64(5), 'p': 3, 'weights': 'distance'}",0.058389902114868164
Coffee,4,5,8,5,RandomForest,HMM_GMM,9,"{'n_components': 5, 'n_mix': 1, 'covariance_type': 'diag'}",0.7483333333333333,0.7343849044085873,"{'bootstrap': True, 'ccp_alpha': 0.0, 'class_weight': 'balanced', 'criterion': 'gini', 'max_depth': 20, 'max_features': 'sqrt', 'max_leaf_nodes': None, 'max_samples': None, 'min_impurity_decrease': 0.0, 'min_samples_leaf': 2, 'min_samples_split': 5, 'min_weight_fraction_leaf': 0.0, 'monotonic_cst': None, 'n_estimators': 50, 'n_jobs': None, 'oob_score': False, 'random_state': 42, 'verbose': 0, 'warm_start': False}",0.253617525100708
Coffee,4,5,8,5,LinearSVC,HMM_GMM,9,"{'n_components': 5, 'n_mix': 1, 'covariance_type': 'diag'}",0.6183333333333333,0.5789886334412665,"{'C': np.float64(2.6366508987303554), 'class_weight': 'balanced', 'dual': False, 'fit_intercept': True, 'intercept_scaling': 1, 'loss': 'squared_hinge', 'max_iter': 100, 'multi_class': 'ovr', 'penalty': 'l1', 'random_state': 42, 'tol': 0.0001, 'verbose': 0}",0.04534029960632324
Coffee,4,5,8,5,LogisticRegression,HMM_GMM,9,"{'n_components': 5, 'n_mix': 1, 'covariance_type': 'diag'}",0.8116666666666666,0.8101347735123826,"{'C': np.float64(33.59818286283781), 'class_weight': 'balanced', 'dual': False, 'fit_intercept': True, 'intercept_scaling': 1, 'l1_ratio': None, 'max_iter': 100, 'multi_class': 'deprecated', 'n_jobs': None, 'penalty': 'l2', 'random_state': 42, 'solver': 'saga', 'tol': 0.0001, 'verbose': 0, 'warm_start': False}",0.047635555267333984
Coffee,4,5,8,5,KNN,HMM_GMM,10,"{'n_components': 3, 'n_mix': 5, 'covariance_type': 'diag'}",0.645,0.5959648394241418,"{'algorithm': 'auto', 'leaf_size': 30, 'metric': 'manhattan', 'metric_params': None, 'n_jobs': None, 'n_neighbors': np.int64(5), 'p': 2, 'weights': 'distance'}",0.018284320831298828
Coffee,4,5,8,5,RandomForest,HMM_GMM,10,"{'n_components': 3, 'n_mix': 5, 'covariance_type': 'diag'}",0.8316666666666667,0.8323349843227722,"{'bootstrap': True, 'ccp_alpha': 0.0, 'class_weight': 'balanced', 'criterion': 'gini', 'max_depth': None, 'max_features': 'sqrt', 'max_leaf_nodes': None, 'max_samples': None, 'min_impurity_decrease': 0.0, 'min_samples_leaf': 4, 'min_samples_split': 2, 'min_weight_fraction_leaf': 0.0, 'monotonic_cst': None, 'n_estimators': 50, 'n_jobs': None, 'oob_score': False, 'random_state': 42, 'verbose': 0, 'warm_start': False}",0.26471662521362305
Coffee,4,5,8,5,LinearSVC,HMM_GMM,10,"{'n_components': 3, 'n_mix': 5, 'covariance_type': 'diag'}",0.515,0.3833402850986902,"{'C': np.float64(1000.0), 'class_weight': 'balanced', 'dual': False, 'fit_intercept': True, 'intercept_scaling': 1, 'loss': 'squared_hinge', 'max_iter': 100, 'multi_class': 'ovr', 'penalty': 'l2', 'random_state': 42, 'tol': 0.001, 'verbose': 0}",0.019582748413085938
Coffee,4,5,8,5,LogisticRegression,HMM_GMM,10,"{'n_components': 3, 'n_mix': 5, 'covariance_type': 'diag'}",0.7816666666666666,0.7864048335229546,"{'C': np.float64(33.59818286283781), 'class_weight': None, 'dual': False, 'fit_intercept': True, 'intercept_scaling': 1, 'l1_ratio': None, 'max_iter': 100, 'multi_class': 'deprecated', 'n_jobs': None, 'penalty': 'l2', 'random_state': 42, 'solver': 'saga', 'tol': 0.0001, 'verbose': 0, 'warm_start': False}",0.09042835235595703
Coffee,4,5,8,10,KNN,HMM_GMM,1,"{'n_components': 2, 'n_mix': 1, 'covariance_type': 'diag'}",0.6083333333333333,0.5398592504986072,"{'algorithm': 'auto', 'leaf_size': 30, 'metric': 'minkowski', 'metric_params': None, 'n_jobs': None, 'n_neighbors': 5, 'p': 2, 'weights': 'uniform'}",0.05141496658325195
Coffee,4,5,8,10,RandomForest,HMM_GMM,1,"{'n_components': 2, 'n_mix': 1, 'covariance_type': 'diag'}",0.7366666666666667,0.722532147872694,"{'bootstrap': True, 'ccp_alpha': 0.0, 'class_weight': None, 'criterion': 'gini', 'max_depth': None, 'max_features': 'sqrt', 'max_leaf_nodes': None, 'max_samples': None, 'min_impurity_decrease': 0.0, 'min_samples_leaf': 1, 'min_samples_split': 2, 'min_weight_fraction_leaf': 0.0, 'monotonic_cst': None, 'n_estimators': 100, 'n_jobs': None, 'oob_score': False, 'random_state': 42, 'verbose': 0, 'warm_start': False}",0.7851846218109131
Coffee,4,5,8,10,LinearSVC,HMM_GMM,1,"{'n_components': 2, 'n_mix': 1, 'covariance_type': 'diag'}",0.48,0.34671926979343576,"{'C': 1.0, 'class_weight': None, 'dual': False, 'fit_intercept': True, 'intercept_scaling': 1, 'loss': 'squared_hinge', 'max_iter': 100, 'multi_class': 'ovr', 'penalty': 'l2', 'random_state': 42, 'tol': 0.0001, 'verbose': 0}",0.03349900245666504
Coffee,4,5,8,10,LogisticRegression,HMM_GMM,1,"{'n_components': 2, 'n_mix': 1, 'covariance_type': 'diag'}",0.6533333333333333,0.6366985973852095,"{'C': 1.0, 'class_weight': None, 'dual': False, 'fit_intercept': True, 'intercept_scaling': 1, 'l1_ratio': None, 'max_iter': 100, 'multi_class': 'deprecated', 'n_jobs': None, 'penalty': 'l2', 'random_state': 42, 'solver': 'lbfgs', 'tol': 0.0001, 'verbose': 0, 'warm_start': False}",0.04003286361694336
Coffee,4,5,8,10,KNN,HMM_GMM,2,"{'n_components': 2, 'n_mix': 4, 'covariance_type': 'tied'}",0.6083333333333333,0.5416980328540933,"{'algorithm': 'auto', 'leaf_size': 30, 'metric': 'minkowski', 'metric_params': None, 'n_jobs': None, 'n_neighbors': 5, 'p': 2, 'weights': 'uniform'}",0.043343544006347656
Coffee,4,5,8,10,RandomForest,HMM_GMM,2,"{'n_components': 2, 'n_mix': 4, 'covariance_type': 'tied'}",0.695,0.6659710770937003,"{'bootstrap': True, 'ccp_alpha': 0.0, 'class_weight': None, 'criterion': 'gini', 'max_depth': None, 'max_features': 'sqrt', 'max_leaf_nodes': None, 'max_samples': None, 'min_impurity_decrease': 0.0, 'min_samples_leaf': 1, 'min_samples_split': 2, 'min_weight_fraction_leaf': 0.0, 'monotonic_cst': None, 'n_estimators': 100, 'n_jobs': None, 'oob_score': False, 'random_state': 42, 'verbose': 0, 'warm_start': False}",0.6529979705810547
Coffee,4,5,8,10,LinearSVC,HMM_GMM,2,"{'n_components': 2, 'n_mix': 4, 'covariance_type': 'tied'}",0.47333333333333333,0.3420866050474444,"{'C': 1.0, 'class_weight': None, 'dual': False, 'fit_intercept': True, 'intercept_scaling': 1, 'loss': 'squared_hinge', 'max_iter': 100, 'multi_class': 'ovr', 'penalty': 'l2', 'random_state': 42, 'tol': 0.0001, 'verbose': 0}",0.05342555046081543
Coffee,4,5,8,10,LogisticRegression,HMM_GMM,2,"{'n_components': 2, 'n_mix': 4, 'covariance_type': 'tied'}",0.65,0.619347886601077,"{'C': 1.0, 'class_weight': None, 'dual': False, 'fit_intercept': True, 'intercept_scaling': 1, 'l1_ratio': None, 'max_iter': 100, 'multi_class': 'deprecated', 'n_jobs': None, 'penalty': 'l2', 'random_state': 42, 'solver': 'lbfgs', 'tol': 0.0001, 'verbose': 0, 'warm_start': False}",0.23157262802124023
Coffee,4,5,8,10,KNN,HMM_GMM,3,"{'n_components': 1, 'n_mix': 3, 'covariance_type': 'diag'}",0.6083333333333333,0.5397162541095162,"{'algorithm': 'auto', 'leaf_size': 30, 'metric': 'minkowski', 'metric_params': None, 'n_jobs': None, 'n_neighbors': 5, 'p': 2, 'weights': 'uniform'}",0.04171323776245117
Coffee,4,5,8,10,RandomForest,HMM_GMM,3,"{'n_components': 1, 'n_mix': 3, 'covariance_type': 'diag'}",0.715,0.6946114192798334,"{'bootstrap': True, 'ccp_alpha': 0.0, 'class_weight': None, 'criterion': 'gini', 'max_depth': None, 'max_features': 'sqrt', 'max_leaf_nodes': None, 'max_samples': None, 'min_impurity_decrease': 0.0, 'min_samples_leaf': 1, 'min_samples_split': 2, 'min_weight_fraction_leaf': 0.0, 'monotonic_cst': None, 'n_estimators': 100, 'n_jobs': None, 'oob_score': False, 'random_state': 42, 'verbose': 0, 'warm_start': False}",0.7055554389953613
Coffee,4,5,8,10,LinearSVC,HMM_GMM,3,"{'n_components': 1, 'n_mix': 3, 'covariance_type': 'diag'}",0.5883333333333334,0.5235761916047922,"{'C': 1.0, 'class_weight': None, 'dual': False, 'fit_intercept': True, 'intercept_scaling': 1, 'loss': 'squared_hinge', 'max_iter': 100, 'multi_class': 'ovr', 'penalty': 'l2', 'random_state': 42, 'tol': 0.0001, 'verbose': 0}",0.03404521942138672
Coffee,4,5,8,10,LogisticRegression,HMM_GMM,3,"{'n_components': 1, 'n_mix': 3, 'covariance_type': 'diag'}",0.7133333333333334,0.7002755744315685,"{'C': 1.0, 'class_weight': None, 'dual': False, 'fit_intercept': True, 'intercept_scaling': 1, 'l1_ratio': None, 'max_iter': 100, 'multi_class': 'deprecated', 'n_jobs': None, 'penalty': 'l2', 'random_state': 42, 'solver': 'lbfgs', 'tol': 0.0001, 'verbose': 0, 'warm_start': False}",0.06650352478027344
Coffee,4,5,8,10,KNN,HMM_GMM,4,"{'n_components': 4, 'n_mix': 3, 'covariance_type': 'diag'}",0.6066666666666667,0.5372431656011247,"{'algorithm': 'auto', 'leaf_size': 30, 'metric': 'minkowski', 'metric_params': None, 'n_jobs': None, 'n_neighbors': 5, 'p': 2, 'weights': 'uniform'}",0.053699493408203125
Coffee,4,5,8,10,RandomForest,HMM_GMM,4,"{'n_components': 4, 'n_mix': 3, 'covariance_type': 'diag'}",0.8083333333333333,0.8091137973028939,"{'bootstrap': True, 'ccp_alpha': 0.0, 'class_weight': None, 'criterion': 'gini', 'max_depth': None, 'max_features': 'sqrt', 'max_leaf_nodes': None, 'max_samples': None, 'min_impurity_decrease': 0.0, 'min_samples_leaf': 1, 'min_samples_split': 2, 'min_weight_fraction_leaf': 0.0, 'monotonic_cst': None, 'n_estimators': 100, 'n_jobs': None, 'oob_score': False, 'random_state': 42, 'verbose': 0, 'warm_start': False}",0.7298290729522705
Coffee,4,5,8,10,LinearSVC,HMM_GMM,4,"{'n_components': 4, 'n_mix': 3, 'covariance_type': 'diag'}",0.39166666666666666,0.33057974625861086,"{'C': 1.0, 'class_weight': None, 'dual': False, 'fit_intercept': True, 'intercept_scaling': 1, 'loss': 'squared_hinge', 'max_iter': 100, 'multi_class': 'ovr', 'penalty': 'l2', 'random_state': 42, 'tol': 0.0001, 'verbose': 0}",0.04324674606323242
Coffee,4,5,8,10,LogisticRegression,HMM_GMM,4,"{'n_components': 4, 'n_mix': 3, 'covariance_type': 'diag'}",0.4166666666666667,0.3555868848748232,"{'C': 1.0, 'class_weight': None, 'dual': False, 'fit_intercept': True, 'intercept_scaling': 1, 'l1_ratio': None, 'max_iter': 100, 'multi_class': 'deprecated', 'n_jobs': None, 'penalty': 'l2', 'random_state': 42, 'solver': 'lbfgs', 'tol': 0.0001, 'verbose': 0, 'warm_start': False}",0.2563743591308594
Coffee,4,5,8,10,KNN,HMM_GMM,5,"{'n_components': 1, 'n_mix': 1, 'covariance_type': 'tied'}",0.64,0.5949025500655936,"{'algorithm': 'auto', 'leaf_size': 30, 'metric': 'minkowski', 'metric_params': None, 'n_jobs': None, 'n_neighbors': 5, 'p': 2, 'weights': 'uniform'}",0.04855537414550781
Coffee,4,5,8,10,RandomForest,HMM_GMM,5,"{'n_components': 1, 'n_mix': 1, 'covariance_type': 'tied'}",0.6516666666666666,0.631752116507821,"{'bootstrap': True, 'ccp_alpha': 0.0, 'class_weight': None, 'criterion': 'gini', 'max_depth': None, 'max_features': 'sqrt', 'max_leaf_nodes': None, 'max_samples': None, 'min_impurity_decrease': 0.0, 'min_samples_leaf': 1, 'min_samples_split': 2, 'min_weight_fraction_leaf': 0.0, 'monotonic_cst': None, 'n_estimators': 100, 'n_jobs': None, 'oob_score': False, 'random_state': 42, 'verbose': 0, 'warm_start': False}",0.7479546070098877
Coffee,4,5,8,10,LinearSVC,HMM_GMM,5,"{'n_components': 1, 'n_mix': 1, 'covariance_type': 'tied'}",0.5266666666666666,0.4180461174418075,"{'C': 1.0, 'class_weight': None, 'dual': False, 'fit_intercept': True, 'intercept_scaling': 1, 'loss': 'squared_hinge', 'max_iter': 100, 'multi_class': 'ovr', 'penalty': 'l2', 'random_state': 42, 'tol': 0.0001, 'verbose': 0}",0.05878925323486328
Coffee,4,5,8,10,LogisticRegression,HMM_GMM,5,"{'n_components': 1, 'n_mix': 1, 'covariance_type': 'tied'}",0.7133333333333334,0.7156443623079469,"{'C': 1.0, 'class_weight': None, 'dual': False, 'fit_intercept': True, 'intercept_scaling': 1, 'l1_ratio': None, 'max_iter': 100, 'multi_class': 'deprecated', 'n_jobs': None, 'penalty': 'l2', 'random_state': 42, 'solver': 'lbfgs', 'tol': 0.0001, 'verbose': 0, 'warm_start': False}",0.5833375453948975
Coffee,4,5,8,10,KNN,HMM_GMM,6,"{'n_components': 4, 'n_mix': 3, 'covariance_type': 'diag'}",0.6066666666666667,0.5372431656011247,"{'algorithm': 'auto', 'leaf_size': 30, 'metric': 'minkowski', 'metric_params': None, 'n_jobs': None, 'n_neighbors': 5, 'p': 2, 'weights': 'uniform'}",0.04881405830383301
Coffee,4,5,8,10,RandomForest,HMM_GMM,6,"{'n_components': 4, 'n_mix': 3, 'covariance_type': 'diag'}",0.8033333333333333,0.8037339255447197,"{'bootstrap': True, 'ccp_alpha': 0.0, 'class_weight': None, 'criterion': 'gini', 'max_depth': None, 'max_features': 'sqrt', 'max_leaf_nodes': None, 'max_samples': None, 'min_impurity_decrease': 0.0, 'min_samples_leaf': 1, 'min_samples_split': 2, 'min_weight_fraction_leaf': 0.0, 'monotonic_cst': None, 'n_estimators': 100, 'n_jobs': None, 'oob_score': False, 'random_state': 42, 'verbose': 0, 'warm_start': False}",0.6428365707397461
Coffee,4,5,8,10,LinearSVC,HMM_GMM,6,"{'n_components': 4, 'n_mix': 3, 'covariance_type': 'diag'}",0.39166666666666666,0.33047152479580255,"{'C': 1.0, 'class_weight': None, 'dual': False, 'fit_intercept': True, 'intercept_scaling': 1, 'loss': 'squared_hinge', 'max_iter': 100, 'multi_class': 'ovr', 'penalty': 'l2', 'random_state': 42, 'tol': 0.0001, 'verbose': 0}",0.038697004318237305
Coffee,4,5,8,10,LogisticRegression,HMM_GMM,6,"{'n_components': 4, 'n_mix': 3, 'covariance_type': 'diag'}",0.4166666666666667,0.3555868848748232,"{'C': 1.0, 'class_weight': None, 'dual': False, 'fit_intercept': True, 'intercept_scaling': 1, 'l1_ratio': None, 'max_iter': 100, 'multi_class': 'deprecated', 'n_jobs': None, 'penalty': 'l2', 'random_state': 42, 'solver': 'lbfgs', 'tol': 0.0001, 'verbose': 0, 'warm_start': False}",0.13845419883728027
Coffee,4,5,8,10,KNN,HMM_GMM,7,"{'n_components': 2, 'n_mix': 5, 'covariance_type': 'diag'}",0.6533333333333333,0.6108504172847554,"{'algorithm': 'auto', 'leaf_size': 30, 'metric': 'minkowski', 'metric_params': None, 'n_jobs': None, 'n_neighbors': 5, 'p': 2, 'weights': 'uniform'}",0.05005478858947754
Coffee,4,5,8,10,RandomForest,HMM_GMM,7,"{'n_components': 2, 'n_mix': 5, 'covariance_type': 'diag'}",0.8366666666666667,0.839458227488408,"{'bootstrap': True, 'ccp_alpha': 0.0, 'class_weight': None, 'criterion': 'gini', 'max_depth': None, 'max_features': 'sqrt', 'max_leaf_nodes': None, 'max_samples': None, 'min_impurity_decrease': 0.0, 'min_samples_leaf': 1, 'min_samples_split': 2, 'min_weight_fraction_leaf': 0.0, 'monotonic_cst': None, 'n_estimators': 100, 'n_jobs': None, 'oob_score': False, 'random_state': 42, 'verbose': 0, 'warm_start': False}",0.7069780826568604
Coffee,4,5,8,10,LinearSVC,HMM_GMM,7,"{'n_components': 2, 'n_mix': 5, 'covariance_type': 'diag'}",0.5033333333333333,0.3531116349752344,"{'C': 1.0, 'class_weight': None, 'dual': False, 'fit_intercept': True, 'intercept_scaling': 1, 'loss': 'squared_hinge', 'max_iter': 100, 'multi_class': 'ovr', 'penalty': 'l2', 'random_state': 42, 'tol': 0.0001, 'verbose': 0}",0.0433502197265625
Coffee,4,5,8,10,LogisticRegression,HMM_GMM,7,"{'n_components': 2, 'n_mix': 5, 'covariance_type': 'diag'}",0.7016666666666667,0.6939041677500029,"{'C': 1.0, 'class_weight': None, 'dual': False, 'fit_intercept': True, 'intercept_scaling': 1, 'l1_ratio': None, 'max_iter': 100, 'multi_class': 'deprecated', 'n_jobs': None, 'penalty': 'l2', 'random_state': 42, 'solver': 'lbfgs', 'tol': 0.0001, 'verbose': 0, 'warm_start': False}",0.306659460067749
Coffee,4,5,8,10,KNN,HMM_GMM,8,"{'n_components': 1, 'n_mix': 3, 'covariance_type': 'full'}",0.6483333333333333,0.6017506382928227,"{'algorithm': 'auto', 'leaf_size': 30, 'metric': 'minkowski', 'metric_params': None, 'n_jobs': None, 'n_neighbors': 5, 'p': 2, 'weights': 'uniform'}",0.04889845848083496
Coffee,4,5,8,10,RandomForest,HMM_GMM,8,"{'n_components': 1, 'n_mix': 3, 'covariance_type': 'full'}",0.8266666666666667,0.831479765214705,"{'bootstrap': True, 'ccp_alpha': 0.0, 'class_weight': None, 'criterion': 'gini', 'max_depth': None, 'max_features': 'sqrt', 'max_leaf_nodes': None, 'max_samples': None, 'min_impurity_decrease': 0.0, 'min_samples_leaf': 1, 'min_samples_split': 2, 'min_weight_fraction_leaf': 0.0, 'monotonic_cst': None, 'n_estimators': 100, 'n_jobs': None, 'oob_score': False, 'random_state': 42, 'verbose': 0, 'warm_start': False}",0.7363755702972412
Coffee,4,5,8,10,LinearSVC,HMM_GMM,8,"{'n_components': 1, 'n_mix': 3, 'covariance_type': 'full'}",0.64,0.6227340367965367,"{'C': 1.0, 'class_weight': None, 'dual': False, 'fit_intercept': True, 'intercept_scaling': 1, 'loss': 'squared_hinge', 'max_iter': 100, 'multi_class': 'ovr', 'penalty': 'l2', 'random_state': 42, 'tol': 0.0001, 'verbose': 0}",0.06140708923339844
Coffee,4,5,8,10,LogisticRegression,HMM_GMM,8,"{'n_components': 1, 'n_mix': 3, 'covariance_type': 'full'}",0.7283333333333334,0.7259795145889953,"{'C': 1.0, 'class_weight': None, 'dual': False, 'fit_intercept': True, 'intercept_scaling': 1, 'l1_ratio': None, 'max_iter': 100, 'multi_class': 'deprecated', 'n_jobs': None, 'penalty': 'l2', 'random_state': 42, 'solver': 'lbfgs', 'tol': 0.0001, 'verbose': 0, 'warm_start': False}",0.37023043632507324
Coffee,4,5,8,10,KNN,HMM_GMM,9,"{'n_components': 5, 'n_mix': 1, 'covariance_type': 'diag'}",0.6433333333333333,0.5929295032664745,"{'algorithm': 'auto', 'leaf_size': 30, 'metric': 'minkowski', 'metric_params': None, 'n_jobs': None, 'n_neighbors': 5, 'p': 2, 'weights': 'uniform'}",0.05222320556640625
Coffee,4,5,8,10,RandomForest,HMM_GMM,9,"{'n_components': 5, 'n_mix': 1, 'covariance_type': 'diag'}",0.7533333333333333,0.7399282371969379,"{'bootstrap': True, 'ccp_alpha': 0.0, 'class_weight': None, 'criterion': 'gini', 'max_depth': None, 'max_features': 'sqrt', 'max_leaf_nodes': None, 'max_samples': None, 'min_impurity_decrease': 0.0, 'min_samples_leaf': 1, 'min_samples_split': 2, 'min_weight_fraction_leaf': 0.0, 'monotonic_cst': None, 'n_estimators': 100, 'n_jobs': None, 'oob_score': False, 'random_state': 42, 'verbose': 0, 'warm_start': False}",0.7479321956634521
Coffee,4,5,8,10,LinearSVC,HMM_GMM,9,"{'n_components': 5, 'n_mix': 1, 'covariance_type': 'diag'}",0.66,0.6353569940526462,"{'C': 1.0, 'class_weight': None, 'dual': False, 'fit_intercept': True, 'intercept_scaling': 1, 'loss': 'squared_hinge', 'max_iter': 100, 'multi_class': 'ovr', 'penalty': 'l2', 'random_state': 42, 'tol': 0.0001, 'verbose': 0}",0.043821096420288086
Coffee,4,5,8,10,LogisticRegression,HMM_GMM,9,"{'n_components': 5, 'n_mix': 1, 'covariance_type': 'diag'}",0.815,0.8136797190339249,"{'C': 1.0, 'class_weight': None, 'dual': False, 'fit_intercept': True, 'intercept_scaling': 1, 'l1_ratio': None, 'max_iter': 100, 'multi_class': 'deprecated', 'n_jobs': None, 'penalty': 'l2', 'random_state': 42, 'solver': 'lbfgs', 'tol': 0.0001, 'verbose': 0, 'warm_start': False}",0.08725643157958984
Coffee,4,5,8,10,KNN,HMM_GMM,10,"{'n_components': 3, 'n_mix': 5, 'covariance_type': 'diag'}",0.65,0.6030427207021167,"{'algorithm': 'auto', 'leaf_size': 30, 'metric': 'minkowski', 'metric_params': None, 'n_jobs': None, 'n_neighbors': 5, 'p': 2, 'weights': 'uniform'}",0.04958391189575195
Coffee,4,5,8,10,RandomForest,HMM_GMM,10,"{'n_components': 3, 'n_mix': 5, 'covariance_type': 'diag'}",0.8183333333333334,0.8167341194382158,"{'bootstrap': True, 'ccp_alpha': 0.0, 'class_weight': None, 'criterion': 'gini', 'max_depth': None, 'max_features': 'sqrt', 'max_leaf_nodes': None, 'max_samples': None, 'min_impurity_decrease': 0.0, 'min_samples_leaf': 1, 'min_samples_split': 2, 'min_weight_fraction_leaf': 0.0, 'monotonic_cst': None, 'n_estimators': 100, 'n_jobs': None, 'oob_score': False, 'random_state': 42, 'verbose': 0, 'warm_start': False}",0.7558627128601074
Coffee,4,5,8,10,LinearSVC,HMM_GMM,10,"{'n_components': 3, 'n_mix': 5, 'covariance_type': 'diag'}",0.5183333333333333,0.3912303673767023,"{'C': 1.0, 'class_weight': None, 'dual': False, 'fit_intercept': True, 'intercept_scaling': 1, 'loss': 'squared_hinge', 'max_iter': 100, 'multi_class': 'ovr', 'penalty': 'l2', 'random_state': 42, 'tol': 0.0001, 'verbose': 0}",0.05003547668457031
Coffee,4,5,8,10,LogisticRegression,HMM_GMM,10,"{'n_components': 3, 'n_mix': 5, 'covariance_type': 'diag'}",0.7866666666666666,0.792869840015801,"{'C': 1.0, 'class_weight': None, 'dual': False, 'fit_intercept': True, 'intercept_scaling': 1, 'l1_ratio': None, 'max_iter': 100, 'multi_class': 'deprecated', 'n_jobs': None, 'penalty': 'l2', 'random_state': 42, 'solver': 'lbfgs', 'tol': 0.0001, 'verbose': 0, 'warm_start': False}",0.18940043449401855
Coffee,4,5,9,1,KNN,Baseline,N/A,N/A,0.8716666666666667,0.8723224725915149,"{'algorithm': 'auto', 'leaf_size': 30, 'metric': 'minkowski', 'metric_params': None, 'n_jobs': None, 'n_neighbors': 5, 'p': 2, 'weights': 'uniform'}",0.03194999694824219
Coffee,4,5,9,1,KNN,Tuned_Baseline,N/A,N/A,0.87,0.8701211212640396,"{'algorithm': 'auto', 'leaf_size': 30, 'metric': 'euclidean', 'metric_params': None, 'n_jobs': None, 'n_neighbors': np.int64(9), 'p': 2, 'weights': 'distance'}",0.0055599212646484375
Coffee,4,5,9,1,RandomForest,Baseline,N/A,N/A,0.8616666666666667,0.8597852684448933,"{'bootstrap': True, 'ccp_alpha': 0.0, 'class_weight': None, 'criterion': 'gini', 'max_depth': None, 'max_features': 'sqrt', 'max_leaf_nodes': None, 'max_samples': None, 'min_impurity_decrease': 0.0, 'min_samples_leaf': 1, 'min_samples_split': 2, 'min_weight_fraction_leaf': 0.0, 'monotonic_cst': None, 'n_estimators': 100, 'n_jobs': None, 'oob_score': False, 'random_state': 42, 'verbose': 0, 'warm_start': False}",0.3068578243255615
Coffee,4,5,9,1,RandomForest,Tuned_Baseline,N/A,N/A,0.8716666666666667,0.8706267417499356,"{'bootstrap': True, 'ccp_alpha': 0.0, 'class_weight': 'balanced', 'criterion': 'gini', 'max_depth': None, 'max_features': 'sqrt', 'max_leaf_nodes': None, 'max_samples': None, 'min_impurity_decrease': 0.0, 'min_samples_leaf': 4, 'min_samples_split': 2, 'min_weight_fraction_leaf': 0.0, 'monotonic_cst': None, 'n_estimators': 50, 'n_jobs': None, 'oob_score': False, 'random_state': 42, 'verbose': 0, 'warm_start': False}",0.00327301025390625
Coffee,4,5,9,1,LinearSVC,Baseline,N/A,N/A,0.9583333333333334,0.9582910979408734,"{'C': 1.0, 'class_weight': None, 'dual': False, 'fit_intercept': True, 'intercept_scaling': 1, 'loss': 'squared_hinge', 'max_iter': 100, 'multi_class': 'ovr', 'penalty': 'l2', 'random_state': 42, 'tol': 0.0001, 'verbose': 0}",0.006005287170410156
Coffee,4,5,9,1,LinearSVC,Tuned_Baseline,N/A,N/A,0.9616666666666667,0.961629181851406,"{'C': np.float64(6.1584821106602545), 'class_weight': None, 'dual': False, 'fit_intercept': True, 'intercept_scaling': 1, 'loss': 'squared_hinge', 'max_iter': 100, 'multi_class': 'ovr', 'penalty': 'l2', 'random_state': 42, 'tol': 0.0001, 'verbose': 0}",0.0002143383026123047
Coffee,4,5,9,1,LogisticRegression,Baseline,N/A,N/A,0.9516666666666667,0.9518627397388595,"{'C': 1.0, 'class_weight': None, 'dual': False, 'fit_intercept': True, 'intercept_scaling': 1, 'l1_ratio': None, 'max_iter': 100, 'multi_class': 'deprecated', 'n_jobs': None, 'penalty': 'l2', 'random_state': 42, 'solver': 'lbfgs', 'tol': 0.0001, 'verbose': 0, 'warm_start': False}",0.21360397338867188
Coffee,4,5,9,1,LogisticRegression,Tuned_Baseline,N/A,N/A,0.92,0.9204421396880154,"{'C': np.float64(6.1584821106602545), 'class_weight': None, 'dual': False, 'fit_intercept': True, 'intercept_scaling': 1, 'l1_ratio': None, 'max_iter': 100, 'multi_class': 'deprecated', 'n_jobs': None, 'penalty': 'l2', 'random_state': 42, 'solver': 'lbfgs', 'tol': 0.0001, 'verbose': 0, 'warm_start': False}",0.0003082752227783203
Coffee,4,5,9,1,RNN,Tuned_Baseline,N/A,N/A,0.16666666666666666,0.047619047619047616,"{'hidden_size': 64, 'epochs': 10, 'batch_size': 32, 'lr': 0.001}",4.076957702636719e-05
Coffee,4,5,9,2,KNN,HMM_GMM,1,"{'n_components': 2, 'n_mix': 1, 'covariance_type': 'diag'}",0.8666666666666667,0.8654950250694932,"{'algorithm': 'auto', 'leaf_size': 30, 'metric': 'chebyshev', 'metric_params': None, 'n_jobs': None, 'n_neighbors': np.int64(5), 'p': 2, 'weights': 'uniform'}",0.027611732482910156
Coffee,4,5,9,2,RandomForest,HMM_GMM,1,"{'n_components': 2, 'n_mix': 1, 'covariance_type': 'diag'}",0.855,0.8521806333393734,"{'bootstrap': True, 'ccp_alpha': 0.0, 'class_weight': None, 'criterion': 'gini', 'max_depth': None, 'max_features': 'sqrt', 'max_leaf_nodes': None, 'max_samples': None, 'min_impurity_decrease': 0.0, 'min_samples_leaf': 4, 'min_samples_split': 10, 'min_weight_fraction_leaf': 0.0, 'monotonic_cst': None, 'n_estimators': 50, 'n_jobs': None, 'oob_score': False, 'random_state': 42, 'verbose': 0, 'warm_start': False}",0.1969759464263916
Coffee,4,5,9,2,LinearSVC,HMM_GMM,1,"{'n_components': 2, 'n_mix': 1, 'covariance_type': 'diag'}",0.7366666666666667,0.7379532996554273,"{'C': np.float64(2.6366508987303554), 'class_weight': 'balanced', 'dual': False, 'fit_intercept': True, 'intercept_scaling': 1, 'loss': 'squared_hinge', 'max_iter': 100, 'multi_class': 'ovr', 'penalty': 'l1', 'random_state': 42, 'tol': 0.0001, 'verbose': 0}",0.016541719436645508
Coffee,4,5,9,2,LogisticRegression,HMM_GMM,1,"{'n_components': 2, 'n_mix': 1, 'covariance_type': 'diag'}",0.7983333333333333,0.8031508521652716,"{'C': np.float64(183.29807108324337), 'class_weight': 'balanced', 'dual': False, 'fit_intercept': True, 'intercept_scaling': 1, 'l1_ratio': None, 'max_iter': 100, 'multi_class': 'deprecated', 'n_jobs': None, 'penalty': 'l1', 'random_state': 42, 'solver': 'saga', 'tol': 0.0001, 'verbose': 0, 'warm_start': False}",0.020076513290405273
Coffee,4,5,9,2,KNN,HMM_GMM,2,"{'n_components': 2, 'n_mix': 4, 'covariance_type': 'tied'}",0.8666666666666667,0.8657669276405994,"{'algorithm': 'auto', 'leaf_size': 30, 'metric': 'chebyshev', 'metric_params': None, 'n_jobs': None, 'n_neighbors': np.int64(5), 'p': 2, 'weights': 'uniform'}",0.02495741844177246
Coffee,4,5,9,2,RandomForest,HMM_GMM,2,"{'n_components': 2, 'n_mix': 4, 'covariance_type': 'tied'}",0.9,0.8993785265014643,"{'bootstrap': True, 'ccp_alpha': 0.0, 'class_weight': 'balanced', 'criterion': 'gini', 'max_depth': 30, 'max_features': 'sqrt', 'max_leaf_nodes': None, 'max_samples': None, 'min_impurity_decrease': 0.0, 'min_samples_leaf': 1, 'min_samples_split': 2, 'min_weight_fraction_leaf': 0.0, 'monotonic_cst': None, 'n_estimators': 150, 'n_jobs': None, 'oob_score': False, 'random_state': 42, 'verbose': 0, 'warm_start': False}",0.6140425205230713
Coffee,4,5,9,2,LinearSVC,HMM_GMM,2,"{'n_components': 2, 'n_mix': 4, 'covariance_type': 'tied'}",0.8933333333333333,0.8929004329004329,"{'C': np.float64(33.59818286283781), 'class_weight': None, 'dual': False, 'fit_intercept': True, 'intercept_scaling': 1, 'loss': 'squared_hinge', 'max_iter': 100, 'multi_class': 'ovr', 'penalty': 'l1', 'random_state': 42, 'tol': 0.001, 'verbose': 0}",0.0240325927734375
Coffee,4,5,9,2,LogisticRegression,HMM_GMM,2,"{'n_components': 2, 'n_mix': 4, 'covariance_type': 'tied'}",0.8716666666666667,0.8722362132956593,"{'C': np.float64(33.59818286283781), 'class_weight': 'balanced', 'dual': False, 'fit_intercept': True, 'intercept_scaling': 1, 'l1_ratio': None, 'max_iter': 100, 'multi_class': 'deprecated', 'n_jobs': None, 'penalty': 'l2', 'random_state': 42, 'solver': 'saga', 'tol': 0.0001, 'verbose': 0, 'warm_start': False}",0.07430243492126465
Coffee,4,5,9,2,KNN,HMM_GMM,3,"{'n_components': 1, 'n_mix': 3, 'covariance_type': 'diag'}",0.9266666666666666,0.9263814754647895,"{'algorithm': 'auto', 'leaf_size': 30, 'metric': 'chebyshev', 'metric_params': None, 'n_jobs': None, 'n_neighbors': np.int64(5), 'p': 2, 'weights': 'uniform'}",0.024395465850830078
Coffee,4,5,9,2,RandomForest,HMM_GMM,3,"{'n_components': 1, 'n_mix': 3, 'covariance_type': 'diag'}",0.875,0.8733653179092198,"{'bootstrap': True, 'ccp_alpha': 0.0, 'class_weight': 'balanced', 'criterion': 'gini', 'max_depth': None, 'max_features': 'sqrt', 'max_leaf_nodes': None, 'max_samples': None, 'min_impurity_decrease': 0.0, 'min_samples_leaf': 2, 'min_samples_split': 2, 'min_weight_fraction_leaf': 0.0, 'monotonic_cst': None, 'n_estimators': 150, 'n_jobs': None, 'oob_score': False, 'random_state': 42, 'verbose': 0, 'warm_start': False}",0.607527494430542
Coffee,4,5,9,2,LinearSVC,HMM_GMM,3,"{'n_components': 1, 'n_mix': 3, 'covariance_type': 'diag'}",0.76,0.7623508566904793,"{'C': np.float64(183.29807108324337), 'class_weight': None, 'dual': False, 'fit_intercept': True, 'intercept_scaling': 1, 'loss': 'squared_hinge', 'max_iter': 100, 'multi_class': 'ovr', 'penalty': 'l1', 'random_state': 42, 'tol': 0.001, 'verbose': 0}",0.017680883407592773
Coffee,4,5,9,2,LogisticRegression,HMM_GMM,3,"{'n_components': 1, 'n_mix': 3, 'covariance_type': 'diag'}",0.81,0.8137549479411461,"{'C': np.float64(1000.0), 'class_weight': 'balanced', 'dual': False, 'fit_intercept': True, 'intercept_scaling': 1, 'l1_ratio': None, 'max_iter': 100, 'multi_class': 'deprecated', 'n_jobs': None, 'penalty': 'l2', 'random_state': 42, 'solver': 'sag', 'tol': 0.0001, 'verbose': 0, 'warm_start': False}",0.022114992141723633
Coffee,4,5,9,2,KNN,HMM_GMM,4,"{'n_components': 4, 'n_mix': 3, 'covariance_type': 'diag'}",0.9166666666666666,0.9167725487265087,"{'algorithm': 'auto', 'leaf_size': 30, 'metric': 'chebyshev', 'metric_params': None, 'n_jobs': None, 'n_neighbors': np.int64(5), 'p': 2, 'weights': 'uniform'}",0.025162935256958008
Coffee,4,5,9,2,RandomForest,HMM_GMM,4,"{'n_components': 4, 'n_mix': 3, 'covariance_type': 'diag'}",0.8916666666666667,0.8910227882190499,"{'bootstrap': True, 'ccp_alpha': 0.0, 'class_weight': 'balanced', 'criterion': 'gini', 'max_depth': 10, 'max_features': 'sqrt', 'max_leaf_nodes': None, 'max_samples': None, 'min_impurity_decrease': 0.0, 'min_samples_leaf': 1, 'min_samples_split': 5, 'min_weight_fraction_leaf': 0.0, 'monotonic_cst': None, 'n_estimators': 50, 'n_jobs': None, 'oob_score': False, 'random_state': 42, 'verbose': 0, 'warm_start': False}",0.2073516845703125
Coffee,4,5,9,2,LinearSVC,HMM_GMM,4,"{'n_components': 4, 'n_mix': 3, 'covariance_type': 'diag'}",0.8833333333333333,0.8823394056079293,"{'C': np.float64(0.2069138081114788), 'class_weight': 'balanced', 'dual': False, 'fit_intercept': False, 'intercept_scaling': 1, 'loss': 'squared_hinge', 'max_iter': 100, 'multi_class': 'ovr', 'penalty': 'l2', 'random_state': 42, 'tol': 0.0001, 'verbose': 0}",0.009236335754394531
Coffee,4,5,9,2,LogisticRegression,HMM_GMM,4,"{'n_components': 4, 'n_mix': 3, 'covariance_type': 'diag'}",0.8883333333333333,0.8876794099328897,"{'C': np.float64(0.2069138081114788), 'class_weight': 'balanced', 'dual': False, 'fit_intercept': True, 'intercept_scaling': 1, 'l1_ratio': None, 'max_iter': 100, 'multi_class': 'deprecated', 'n_jobs': None, 'penalty': 'l2', 'random_state': 42, 'solver': 'lbfgs', 'tol': 0.0001, 'verbose': 0, 'warm_start': False}",0.11093902587890625
Coffee,4,5,9,2,KNN,HMM_GMM,5,"{'n_components': 1, 'n_mix': 1, 'covariance_type': 'tied'}",0.915,0.916646521984563,"{'algorithm': 'auto', 'leaf_size': 30, 'metric': 'chebyshev', 'metric_params': None, 'n_jobs': None, 'n_neighbors': np.int64(5), 'p': 2, 'weights': 'uniform'}",0.028952836990356445
Coffee,4,5,9,2,RandomForest,HMM_GMM,5,"{'n_components': 1, 'n_mix': 1, 'covariance_type': 'tied'}",0.915,0.9145552234102657,"{'bootstrap': True, 'ccp_alpha': 0.0, 'class_weight': 'balanced', 'criterion': 'gini', 'max_depth': None, 'max_features': 'sqrt', 'max_leaf_nodes': None, 'max_samples': None, 'min_impurity_decrease': 0.0, 'min_samples_leaf': 1, 'min_samples_split': 2, 'min_weight_fraction_leaf': 0.0, 'monotonic_cst': None, 'n_estimators': 50, 'n_jobs': None, 'oob_score': False, 'random_state': 42, 'verbose': 0, 'warm_start': False}",0.21904230117797852
Coffee,4,5,9,2,LinearSVC,HMM_GMM,5,"{'n_components': 1, 'n_mix': 1, 'covariance_type': 'tied'}",0.965,0.9649845145963682,"{'C': np.float64(1000.0), 'class_weight': 'balanced', 'dual': False, 'fit_intercept': True, 'intercept_scaling': 1, 'loss': 'squared_hinge', 'max_iter': 100, 'multi_class': 'ovr', 'penalty': 'l2', 'random_state': 42, 'tol': 0.001, 'verbose': 0}",0.009268999099731445
Coffee,4,5,9,2,LogisticRegression,HMM_GMM,5,"{'n_components': 1, 'n_mix': 1, 'covariance_type': 'tied'}",0.9166666666666666,0.9162650095981257,"{'C': np.float64(183.29807108324337), 'class_weight': 'balanced', 'dual': False, 'fit_intercept': True, 'intercept_scaling': 1, 'l1_ratio': None, 'max_iter': 100, 'multi_class': 'deprecated', 'n_jobs': None, 'penalty': 'l1', 'random_state': 42, 'solver': 'saga', 'tol': 0.0001, 'verbose': 0, 'warm_start': False}",0.10076498985290527
Coffee,4,5,9,2,KNN,HMM_GMM,6,"{'n_components': 4, 'n_mix': 3, 'covariance_type': 'diag'}",0.9166666666666666,0.9167725487265087,"{'algorithm': 'auto', 'leaf_size': 30, 'metric': 'chebyshev', 'metric_params': None, 'n_jobs': None, 'n_neighbors': np.int64(5), 'p': 2, 'weights': 'uniform'}",0.025989294052124023
Coffee,4,5,9,2,RandomForest,HMM_GMM,6,"{'n_components': 4, 'n_mix': 3, 'covariance_type': 'diag'}",0.8916666666666667,0.8910227882190499,"{'bootstrap': True, 'ccp_alpha': 0.0, 'class_weight': 'balanced', 'criterion': 'gini', 'max_depth': 10, 'max_features': 'sqrt', 'max_leaf_nodes': None, 'max_samples': None, 'min_impurity_decrease': 0.0, 'min_samples_leaf': 1, 'min_samples_split': 5, 'min_weight_fraction_leaf': 0.0, 'monotonic_cst': None, 'n_estimators': 50, 'n_jobs': None, 'oob_score': False, 'random_state': 42, 'verbose': 0, 'warm_start': False}",0.18752551078796387
Coffee,4,5,9,2,LinearSVC,HMM_GMM,6,"{'n_components': 4, 'n_mix': 3, 'covariance_type': 'diag'}",0.8833333333333333,0.8823394056079293,"{'C': np.float64(0.2069138081114788), 'class_weight': 'balanced', 'dual': False, 'fit_intercept': False, 'intercept_scaling': 1, 'loss': 'squared_hinge', 'max_iter': 100, 'multi_class': 'ovr', 'penalty': 'l2', 'random_state': 42, 'tol': 0.0001, 'verbose': 0}",0.009904861450195312
Coffee,4,5,9,2,LogisticRegression,HMM_GMM,6,"{'n_components': 4, 'n_mix': 3, 'covariance_type': 'diag'}",0.8883333333333333,0.8876794099328897,"{'C': np.float64(0.2069138081114788), 'class_weight': 'balanced', 'dual': False, 'fit_intercept': True, 'intercept_scaling': 1, 'l1_ratio': None, 'max_iter': 100, 'multi_class': 'deprecated', 'n_jobs': None, 'penalty': 'l2', 'random_state': 42, 'solver': 'lbfgs', 'tol': 0.0001, 'verbose': 0, 'warm_start': False}",0.18494796752929688
Coffee,4,5,9,2,KNN,HMM_GMM,7,"{'n_components': 2, 'n_mix': 5, 'covariance_type': 'diag'}",0.8783333333333333,0.8775122370864347,"{'algorithm': 'auto', 'leaf_size': 30, 'metric': 'chebyshev', 'metric_params': None, 'n_jobs': None, 'n_neighbors': np.int64(5), 'p': 2, 'weights': 'uniform'}",0.025587797164916992
Coffee,4,5,9,2,RandomForest,HMM_GMM,7,"{'n_components': 2, 'n_mix': 5, 'covariance_type': 'diag'}",0.8733333333333333,0.8723897420889811,"{'bootstrap': True, 'ccp_alpha': 0.0, 'class_weight': 'balanced', 'criterion': 'gini', 'max_depth': None, 'max_features': 'sqrt', 'max_leaf_nodes': None, 'max_samples': None, 'min_impurity_decrease': 0.0, 'min_samples_leaf': 4, 'min_samples_split': 2, 'min_weight_fraction_leaf': 0.0, 'monotonic_cst': None, 'n_estimators': 50, 'n_jobs': None, 'oob_score': False, 'random_state': 42, 'verbose': 0, 'warm_start': False}",0.21926426887512207
Coffee,4,5,9,2,LinearSVC,HMM_GMM,7,"{'n_components': 2, 'n_mix': 5, 'covariance_type': 'diag'}",0.945,0.9449502408743706,"{'C': np.float64(1000.0), 'class_weight': 'balanced', 'dual': False, 'fit_intercept': True, 'intercept_scaling': 1, 'loss': 'squared_hinge', 'max_iter': 100, 'multi_class': 'ovr', 'penalty': 'l2', 'random_state': 42, 'tol': 0.001, 'verbose': 0}",0.010523557662963867
Coffee,4,5,9,2,LogisticRegression,HMM_GMM,7,"{'n_components': 2, 'n_mix': 5, 'covariance_type': 'diag'}",0.9516666666666667,0.9517864167075777,"{'C': np.float64(6.1584821106602545), 'class_weight': None, 'dual': False, 'fit_intercept': True, 'intercept_scaling': 1, 'l1_ratio': None, 'max_iter': 100, 'multi_class': 'deprecated', 'n_jobs': None, 'penalty': 'l2', 'random_state': 42, 'solver': 'lbfgs', 'tol': 0.0001, 'verbose': 0, 'warm_start': False}",0.3045039176940918
Coffee,4,5,9,2,KNN,HMM_GMM,8,"{'n_components': 1, 'n_mix': 3, 'covariance_type': 'full'}",0.9466666666666667,0.9465169108383846,"{'algorithm': 'auto', 'leaf_size': 30, 'metric': 'euclidean', 'metric_params': None, 'n_jobs': None, 'n_neighbors': np.int64(9), 'p': 2, 'weights': 'distance'}",0.008840322494506836
Coffee,4,5,9,2,RandomForest,HMM_GMM,8,"{'n_components': 1, 'n_mix': 3, 'covariance_type': 'full'}",0.8883333333333333,0.8874212150788313,"{'bootstrap': True, 'ccp_alpha': 0.0, 'class_weight': 'balanced', 'criterion': 'gini', 'max_depth': None, 'max_features': 'sqrt', 'max_leaf_nodes': None, 'max_samples': None, 'min_impurity_decrease': 0.0, 'min_samples_leaf': 1, 'min_samples_split': 2, 'min_weight_fraction_leaf': 0.0, 'monotonic_cst': None, 'n_estimators': 50, 'n_jobs': None, 'oob_score': False, 'random_state': 42, 'verbose': 0, 'warm_start': False}",0.19813966751098633
Coffee,4,5,9,2,LinearSVC,HMM_GMM,8,"{'n_components': 1, 'n_mix': 3, 'covariance_type': 'full'}",0.9183333333333333,0.9181867268264231,"{'C': np.float64(1000.0), 'class_weight': 'balanced', 'dual': False, 'fit_intercept': True, 'intercept_scaling': 1, 'loss': 'squared_hinge', 'max_iter': 100, 'multi_class': 'ovr', 'penalty': 'l2', 'random_state': 42, 'tol': 0.001, 'verbose': 0}",0.009557723999023438
Coffee,4,5,9,2,LogisticRegression,HMM_GMM,8,"{'n_components': 1, 'n_mix': 3, 'covariance_type': 'full'}",0.8866666666666667,0.8866710573349459,"{'C': np.float64(33.59818286283781), 'class_weight': 'balanced', 'dual': False, 'fit_intercept': True, 'intercept_scaling': 1, 'l1_ratio': None, 'max_iter': 100, 'multi_class': 'deprecated', 'n_jobs': None, 'penalty': 'l1', 'random_state': 42, 'solver': 'saga', 'tol': 0.0001, 'verbose': 0, 'warm_start': False}",0.1087183952331543
Coffee,4,5,9,2,KNN,HMM_GMM,9,"{'n_components': 5, 'n_mix': 1, 'covariance_type': 'diag'}",0.8833333333333333,0.8829698218072004,"{'algorithm': 'auto', 'leaf_size': 30, 'metric': 'chebyshev', 'metric_params': None, 'n_jobs': None, 'n_neighbors': np.int64(5), 'p': 2, 'weights': 'uniform'}",0.024779558181762695
Coffee,4,5,9,2,RandomForest,HMM_GMM,9,"{'n_components': 5, 'n_mix': 1, 'covariance_type': 'diag'}",0.8766666666666667,0.8751277365817032,"{'bootstrap': True, 'ccp_alpha': 0.0, 'class_weight': 'balanced', 'criterion': 'gini', 'max_depth': None, 'max_features': 'sqrt', 'max_leaf_nodes': None, 'max_samples': None, 'min_impurity_decrease': 0.0, 'min_samples_leaf': 1, 'min_samples_split': 2, 'min_weight_fraction_leaf': 0.0, 'monotonic_cst': None, 'n_estimators': 50, 'n_jobs': None, 'oob_score': False, 'random_state': 42, 'verbose': 0, 'warm_start': False}",0.1884162425994873
Coffee,4,5,9,2,LinearSVC,HMM_GMM,9,"{'n_components': 5, 'n_mix': 1, 'covariance_type': 'diag'}",0.89,0.8903994610548476,"{'C': np.float64(0.2069138081114788), 'class_weight': 'balanced', 'dual': False, 'fit_intercept': True, 'intercept_scaling': 1, 'loss': 'squared_hinge', 'max_iter': 100, 'multi_class': 'ovr', 'penalty': 'l2', 'random_state': 42, 'tol': 0.001, 'verbose': 0}",0.007737874984741211
Coffee,4,5,9,2,LogisticRegression,HMM_GMM,9,"{'n_components': 5, 'n_mix': 1, 'covariance_type': 'diag'}",0.95,0.9503772405527593,"{'C': np.float64(0.4832930238571752), 'class_weight': 'balanced', 'dual': False, 'fit_intercept': True, 'intercept_scaling': 1, 'l1_ratio': None, 'max_iter': 100, 'multi_class': 'deprecated', 'n_jobs': None, 'penalty': 'l2', 'random_state': 42, 'solver': 'lbfgs', 'tol': 0.0001, 'verbose': 0, 'warm_start': False}",0.031038284301757812
Coffee,4,5,9,2,KNN,HMM_GMM,10,"{'n_components': 3, 'n_mix': 5, 'covariance_type': 'diag'}",0.8366666666666667,0.8359757291055001,"{'algorithm': 'auto', 'leaf_size': 30, 'metric': 'euclidean', 'metric_params': None, 'n_jobs': None, 'n_neighbors': np.int64(9), 'p': 2, 'weights': 'distance'}",0.010381698608398438
Coffee,4,5,9,2,RandomForest,HMM_GMM,10,"{'n_components': 3, 'n_mix': 5, 'covariance_type': 'diag'}",0.8966666666666666,0.896031746031746,"{'bootstrap': True, 'ccp_alpha': 0.0, 'class_weight': 'balanced', 'criterion': 'gini', 'max_depth': None, 'max_features': 'sqrt', 'max_leaf_nodes': None, 'max_samples': None, 'min_impurity_decrease': 0.0, 'min_samples_leaf': 2, 'min_samples_split': 2, 'min_weight_fraction_leaf': 0.0, 'monotonic_cst': None, 'n_estimators': 150, 'n_jobs': None, 'oob_score': False, 'random_state': 42, 'verbose': 0, 'warm_start': False}",0.6178758144378662
Coffee,4,5,9,2,LinearSVC,HMM_GMM,10,"{'n_components': 3, 'n_mix': 5, 'covariance_type': 'diag'}",0.9533333333333334,0.9532486975759572,"{'C': np.float64(1000.0), 'class_weight': 'balanced', 'dual': False, 'fit_intercept': True, 'intercept_scaling': 1, 'loss': 'squared_hinge', 'max_iter': 100, 'multi_class': 'ovr', 'penalty': 'l2', 'random_state': 42, 'tol': 0.001, 'verbose': 0}",0.009090662002563477
Coffee,4,5,9,2,LogisticRegression,HMM_GMM,10,"{'n_components': 3, 'n_mix': 5, 'covariance_type': 'diag'}",0.9616666666666667,0.9616265995262582,"{'C': np.float64(33.59818286283781), 'class_weight': None, 'dual': False, 'fit_intercept': True, 'intercept_scaling': 1, 'l1_ratio': None, 'max_iter': 100, 'multi_class': 'deprecated', 'n_jobs': None, 'penalty': 'l2', 'random_state': 42, 'solver': 'saga', 'tol': 0.0001, 'verbose': 0, 'warm_start': False}",0.07543158531188965
Coffee,4,5,9,3,KNN,HMM_GMM,1,"{'n_components': 2, 'n_mix': 1, 'covariance_type': 'diag'}",0.8666666666666667,0.8654950250694932,"{'algorithm': 'auto', 'leaf_size': 30, 'metric': 'chebyshev', 'metric_params': None, 'n_jobs': None, 'n_neighbors': np.int64(5), 'p': 2, 'weights': 'uniform'}",0.03225231170654297
Coffee,4,5,9,3,RandomForest,HMM_GMM,1,"{'n_components': 2, 'n_mix': 1, 'covariance_type': 'diag'}",0.8383333333333334,0.8348417948839978,"{'bootstrap': True, 'ccp_alpha': 0.0, 'class_weight': 'balanced', 'criterion': 'gini', 'max_depth': None, 'max_features': 'sqrt', 'max_leaf_nodes': None, 'max_samples': None, 'min_impurity_decrease': 0.0, 'min_samples_leaf': 1, 'min_samples_split': 2, 'min_weight_fraction_leaf': 0.0, 'monotonic_cst': None, 'n_estimators': 50, 'n_jobs': None, 'oob_score': False, 'random_state': 42, 'verbose': 0, 'warm_start': False}",0.23837852478027344
Coffee,4,5,9,3,LinearSVC,HMM_GMM,1,"{'n_components': 2, 'n_mix': 1, 'covariance_type': 'diag'}",0.7283333333333334,0.7344081550099808,"{'C': np.float64(0.08858667904100823), 'class_weight': None, 'dual': False, 'fit_intercept': False, 'intercept_scaling': 1, 'loss': 'squared_hinge', 'max_iter': 100, 'multi_class': 'ovr', 'penalty': 'l1', 'random_state': 42, 'tol': 0.0001, 'verbose': 0}",0.016419172286987305
Coffee,4,5,9,3,LogisticRegression,HMM_GMM,1,"{'n_components': 2, 'n_mix': 1, 'covariance_type': 'diag'}",0.78,0.7854603174603174,"{'C': np.float64(0.4832930238571752), 'class_weight': 'balanced', 'dual': False, 'fit_intercept': True, 'intercept_scaling': 1, 'l1_ratio': None, 'max_iter': 100, 'multi_class': 'deprecated', 'n_jobs': None, 'penalty': 'l1', 'random_state': 42, 'solver': 'saga', 'tol': 0.0001, 'verbose': 0, 'warm_start': False}",0.061243295669555664
Coffee,4,5,9,3,KNN,HMM_GMM,2,"{'n_components': 2, 'n_mix': 4, 'covariance_type': 'tied'}",0.86,0.8578197296008454,"{'algorithm': 'auto', 'leaf_size': 30, 'metric': 'minkowski', 'metric_params': None, 'n_jobs': None, 'n_neighbors': np.int64(13), 'p': 4, 'weights': 'distance'}",0.028271913528442383
Coffee,4,5,9,3,RandomForest,HMM_GMM,2,"{'n_components': 2, 'n_mix': 4, 'covariance_type': 'tied'}",0.8966666666666666,0.8958070321006327,"{'bootstrap': True, 'ccp_alpha': 0.0, 'class_weight': 'balanced', 'criterion': 'gini', 'max_depth': 20, 'max_features': 'sqrt', 'max_leaf_nodes': None, 'max_samples': None, 'min_impurity_decrease': 0.0, 'min_samples_leaf': 2, 'min_samples_split': 5, 'min_weight_fraction_leaf': 0.0, 'monotonic_cst': None, 'n_estimators': 50, 'n_jobs': None, 'oob_score': False, 'random_state': 42, 'verbose': 0, 'warm_start': False}",0.22678494453430176
Coffee,4,5,9,3,LinearSVC,HMM_GMM,2,"{'n_components': 2, 'n_mix': 4, 'covariance_type': 'tied'}",0.8716666666666667,0.8706219279198016,"{'C': np.float64(33.59818286283781), 'class_weight': None, 'dual': False, 'fit_intercept': True, 'intercept_scaling': 1, 'loss': 'squared_hinge', 'max_iter': 100, 'multi_class': 'ovr', 'penalty': 'l1', 'random_state': 42, 'tol': 0.001, 'verbose': 0}",0.030958175659179688
Coffee,4,5,9,3,LogisticRegression,HMM_GMM,2,"{'n_components': 2, 'n_mix': 4, 'covariance_type': 'tied'}",0.845,0.8452059723975427,"{'C': np.float64(1000.0), 'class_weight': 'balanced', 'dual': False, 'fit_intercept': True, 'intercept_scaling': 1, 'l1_ratio': None, 'max_iter': 100, 'multi_class': 'deprecated', 'n_jobs': None, 'penalty': 'l2', 'random_state': 42, 'solver': 'sag', 'tol': 0.0001, 'verbose': 0, 'warm_start': False}",0.09944987297058105
Coffee,4,5,9,3,KNN,HMM_GMM,3,"{'n_components': 1, 'n_mix': 3, 'covariance_type': 'diag'}",0.89,0.8894641065177833,"{'algorithm': 'auto', 'leaf_size': 30, 'metric': 'minkowski', 'metric_params': None, 'n_jobs': None, 'n_neighbors': np.int64(13), 'p': 4, 'weights': 'distance'}",0.040815114974975586
Coffee,4,5,9,3,RandomForest,HMM_GMM,3,"{'n_components': 1, 'n_mix': 3, 'covariance_type': 'diag'}",0.8683333333333333,0.8661296851204319,"{'bootstrap': True, 'ccp_alpha': 0.0, 'class_weight': 'balanced', 'criterion': 'gini', 'max_depth': 10, 'max_features': 'sqrt', 'max_leaf_nodes': None, 'max_samples': None, 'min_impurity_decrease': 0.0, 'min_samples_leaf': 1, 'min_samples_split': 5, 'min_weight_fraction_leaf': 0.0, 'monotonic_cst': None, 'n_estimators': 50, 'n_jobs': None, 'oob_score': False, 'random_state': 42, 'verbose': 0, 'warm_start': False}",0.22907471656799316
Coffee,4,5,9,3,LinearSVC,HMM_GMM,3,"{'n_components': 1, 'n_mix': 3, 'covariance_type': 'diag'}",0.7283333333333334,0.732002594119916,"{'C': np.float64(183.29807108324337), 'class_weight': None, 'dual': False, 'fit_intercept': False, 'intercept_scaling': 1, 'loss': 'squared_hinge', 'max_iter': 100, 'multi_class': 'ovr', 'penalty': 'l2', 'random_state': 42, 'tol': 0.001, 'verbose': 0}",0.010978460311889648
Coffee,4,5,9,3,LogisticRegression,HMM_GMM,3,"{'n_components': 1, 'n_mix': 3, 'covariance_type': 'diag'}",0.7666666666666667,0.7710881821082863,"{'C': np.float64(183.29807108324337), 'class_weight': 'balanced', 'dual': False, 'fit_intercept': True, 'intercept_scaling': 1, 'l1_ratio': None, 'max_iter': 100, 'multi_class': 'deprecated', 'n_jobs': None, 'penalty': 'l1', 'random_state': 42, 'solver': 'saga', 'tol': 0.0001, 'verbose': 0, 'warm_start': False}",0.029341936111450195
Coffee,4,5,9,3,KNN,HMM_GMM,4,"{'n_components': 4, 'n_mix': 3, 'covariance_type': 'diag'}",0.8833333333333333,0.884121888625588,"{'algorithm': 'auto', 'leaf_size': 30, 'metric': 'minkowski', 'metric_params': None, 'n_jobs': None, 'n_neighbors': np.int64(13), 'p': 4, 'weights': 'distance'}",0.035141944885253906
Coffee,4,5,9,3,RandomForest,HMM_GMM,4,"{'n_components': 4, 'n_mix': 3, 'covariance_type': 'diag'}",0.8933333333333333,0.8926104597275594,"{'bootstrap': True, 'ccp_alpha': 0.0, 'class_weight': 'balanced', 'criterion': 'gini', 'max_depth': 20, 'max_features': 'sqrt', 'max_leaf_nodes': None, 'max_samples': None, 'min_impurity_decrease': 0.0, 'min_samples_leaf': 2, 'min_samples_split': 5, 'min_weight_fraction_leaf': 0.0, 'monotonic_cst': None, 'n_estimators': 50, 'n_jobs': None, 'oob_score': False, 'random_state': 42, 'verbose': 0, 'warm_start': False}",0.20030498504638672
Coffee,4,5,9,3,LinearSVC,HMM_GMM,4,"{'n_components': 4, 'n_mix': 3, 'covariance_type': 'diag'}",0.8683333333333333,0.8670355466130114,"{'C': np.float64(2.6366508987303554), 'class_weight': 'balanced', 'dual': False, 'fit_intercept': True, 'intercept_scaling': 1, 'loss': 'squared_hinge', 'max_iter': 100, 'multi_class': 'ovr', 'penalty': 'l1', 'random_state': 42, 'tol': 0.0001, 'verbose': 0}",0.03003716468811035
Coffee,4,5,9,3,LogisticRegression,HMM_GMM,4,"{'n_components': 4, 'n_mix': 3, 'covariance_type': 'diag'}",0.9116666666666666,0.9123874616440674,"{'C': np.float64(1000.0), 'class_weight': 'balanced', 'dual': False, 'fit_intercept': True, 'intercept_scaling': 1, 'l1_ratio': None, 'max_iter': 100, 'multi_class': 'deprecated', 'n_jobs': None, 'penalty': 'l2', 'random_state': 42, 'solver': 'sag', 'tol': 0.0001, 'verbose': 0, 'warm_start': False}",0.035016775131225586
Coffee,4,5,9,3,KNN,HMM_GMM,5,"{'n_components': 1, 'n_mix': 1, 'covariance_type': 'tied'}",0.9016666666666666,0.9027632021461037,"{'algorithm': 'auto', 'leaf_size': 30, 'metric': 'minkowski', 'metric_params': None, 'n_jobs': None, 'n_neighbors': np.int64(13), 'p': 4, 'weights': 'distance'}",0.03170466423034668
Coffee,4,5,9,3,RandomForest,HMM_GMM,5,"{'n_components': 1, 'n_mix': 1, 'covariance_type': 'tied'}",0.9333333333333333,0.9336080586080586,"{'bootstrap': True, 'ccp_alpha': 0.0, 'class_weight': 'balanced', 'criterion': 'gini', 'max_depth': None, 'max_features': 'sqrt', 'max_leaf_nodes': None, 'max_samples': None, 'min_impurity_decrease': 0.0, 'min_samples_leaf': 1, 'min_samples_split': 2, 'min_weight_fraction_leaf': 0.0, 'monotonic_cst': None, 'n_estimators': 50, 'n_jobs': None, 'oob_score': False, 'random_state': 42, 'verbose': 0, 'warm_start': False}",0.23789048194885254
Coffee,4,5,9,3,LinearSVC,HMM_GMM,5,"{'n_components': 1, 'n_mix': 1, 'covariance_type': 'tied'}",0.9483333333333334,0.9482970389583446,"{'C': np.float64(6.1584821106602545), 'class_weight': 'balanced', 'dual': False, 'fit_intercept': False, 'intercept_scaling': 1, 'loss': 'squared_hinge', 'max_iter': 100, 'multi_class': 'ovr', 'penalty': 'l2', 'random_state': 42, 'tol': 0.0001, 'verbose': 0}",0.012934684753417969
Coffee,4,5,9,3,LogisticRegression,HMM_GMM,5,"{'n_components': 1, 'n_mix': 1, 'covariance_type': 'tied'}",0.9066666666666666,0.9058209416612893,"{'C': np.float64(33.59818286283781), 'class_weight': None, 'dual': False, 'fit_intercept': True, 'intercept_scaling': 1, 'l1_ratio': None, 'max_iter': 100, 'multi_class': 'deprecated', 'n_jobs': None, 'penalty': 'l2', 'random_state': 42, 'solver': 'saga', 'tol': 0.0001, 'verbose': 0, 'warm_start': False}",0.11103105545043945
Coffee,4,5,9,3,KNN,HMM_GMM,6,"{'n_components': 4, 'n_mix': 3, 'covariance_type': 'diag'}",0.8833333333333333,0.884121888625588,"{'algorithm': 'auto', 'leaf_size': 30, 'metric': 'minkowski', 'metric_params': None, 'n_jobs': None, 'n_neighbors': np.int64(13), 'p': 4, 'weights': 'distance'}",0.039713382720947266
Coffee,4,5,9,3,RandomForest,HMM_GMM,6,"{'n_components': 4, 'n_mix': 3, 'covariance_type': 'diag'}",0.885,0.8842449723140982,"{'bootstrap': True, 'ccp_alpha': 0.0, 'class_weight': 'balanced', 'criterion': 'gini', 'max_depth': 20, 'max_features': 'sqrt', 'max_leaf_nodes': None, 'max_samples': None, 'min_impurity_decrease': 0.0, 'min_samples_leaf': 2, 'min_samples_split': 5, 'min_weight_fraction_leaf': 0.0, 'monotonic_cst': None, 'n_estimators': 50, 'n_jobs': None, 'oob_score': False, 'random_state': 42, 'verbose': 0, 'warm_start': False}",0.26693153381347656
Coffee,4,5,9,3,LinearSVC,HMM_GMM,6,"{'n_components': 4, 'n_mix': 3, 'covariance_type': 'diag'}",0.87,0.8687316256454289,"{'C': np.float64(2.6366508987303554), 'class_weight': 'balanced', 'dual': False, 'fit_intercept': True, 'intercept_scaling': 1, 'loss': 'squared_hinge', 'max_iter': 100, 'multi_class': 'ovr', 'penalty': 'l1', 'random_state': 42, 'tol': 0.0001, 'verbose': 0}",0.033281803131103516
Coffee,4,5,9,3,LogisticRegression,HMM_GMM,6,"{'n_components': 4, 'n_mix': 3, 'covariance_type': 'diag'}",0.9116666666666666,0.9123874616440674,"{'C': np.float64(1000.0), 'class_weight': 'balanced', 'dual': False, 'fit_intercept': True, 'intercept_scaling': 1, 'l1_ratio': None, 'max_iter': 100, 'multi_class': 'deprecated', 'n_jobs': None, 'penalty': 'l2', 'random_state': 42, 'solver': 'sag', 'tol': 0.0001, 'verbose': 0, 'warm_start': False}",0.04370379447937012
Coffee,4,5,9,3,KNN,HMM_GMM,7,"{'n_components': 2, 'n_mix': 5, 'covariance_type': 'diag'}",0.8566666666666667,0.8563483191330796,"{'algorithm': 'auto', 'leaf_size': 30, 'metric': 'euclidean', 'metric_params': None, 'n_jobs': None, 'n_neighbors': np.int64(9), 'p': 2, 'weights': 'distance'}",0.014412164688110352
Coffee,4,5,9,3,RandomForest,HMM_GMM,7,"{'n_components': 2, 'n_mix': 5, 'covariance_type': 'diag'}",0.8766666666666667,0.8759344104171689,"{'bootstrap': True, 'ccp_alpha': 0.0, 'class_weight': 'balanced', 'criterion': 'gini', 'max_depth': None, 'max_features': 'sqrt', 'max_leaf_nodes': None, 'max_samples': None, 'min_impurity_decrease': 0.0, 'min_samples_leaf': 2, 'min_samples_split': 2, 'min_weight_fraction_leaf': 0.0, 'monotonic_cst': None, 'n_estimators': 150, 'n_jobs': None, 'oob_score': False, 'random_state': 42, 'verbose': 0, 'warm_start': False}",0.6846632957458496
Coffee,4,5,9,3,LinearSVC,HMM_GMM,7,"{'n_components': 2, 'n_mix': 5, 'covariance_type': 'diag'}",0.9366666666666666,0.9365639691803916,"{'C': np.float64(1000.0), 'class_weight': 'balanced', 'dual': False, 'fit_intercept': True, 'intercept_scaling': 1, 'loss': 'squared_hinge', 'max_iter': 100, 'multi_class': 'ovr', 'penalty': 'l2', 'random_state': 42, 'tol': 0.001, 'verbose': 0}",0.014176607131958008
Coffee,4,5,9,3,LogisticRegression,HMM_GMM,7,"{'n_components': 2, 'n_mix': 5, 'covariance_type': 'diag'}",0.945,0.9449664126087534,"{'C': np.float64(2.6366508987303554), 'class_weight': 'balanced', 'dual': False, 'fit_intercept': True, 'intercept_scaling': 1, 'l1_ratio': None, 'max_iter': 100, 'multi_class': 'deprecated', 'n_jobs': None, 'penalty': 'l1', 'random_state': 42, 'solver': 'saga', 'tol': 0.0001, 'verbose': 0, 'warm_start': False}",0.14059758186340332
Coffee,4,5,9,3,KNN,HMM_GMM,8,"{'n_components': 1, 'n_mix': 3, 'covariance_type': 'full'}",0.9483333333333334,0.9482543827388978,"{'algorithm': 'auto', 'leaf_size': 30, 'metric': 'minkowski', 'metric_params': None, 'n_jobs': None, 'n_neighbors': np.int64(13), 'p': 4, 'weights': 'distance'}",0.030166149139404297
Coffee,4,5,9,3,RandomForest,HMM_GMM,8,"{'n_components': 1, 'n_mix': 3, 'covariance_type': 'full'}",0.8816666666666667,0.880328670036046,"{'bootstrap': True, 'ccp_alpha': 0.0, 'class_weight': 'balanced', 'criterion': 'gini', 'max_depth': None, 'max_features': 'sqrt', 'max_leaf_nodes': None, 'max_samples': None, 'min_impurity_decrease': 0.0, 'min_samples_leaf': 2, 'min_samples_split': 2, 'min_weight_fraction_leaf': 0.0, 'monotonic_cst': None, 'n_estimators': 150, 'n_jobs': None, 'oob_score': False, 'random_state': 42, 'verbose': 0, 'warm_start': False}",0.9253623485565186
Coffee,4,5,9,3,LinearSVC,HMM_GMM,8,"{'n_components': 1, 'n_mix': 3, 'covariance_type': 'full'}",0.8933333333333333,0.8927984075624683,"{'C': np.float64(33.59818286283781), 'class_weight': 'balanced', 'dual': False, 'fit_intercept': True, 'intercept_scaling': 1, 'loss': 'squared_hinge', 'max_iter': 100, 'multi_class': 'ovr', 'penalty': 'l1', 'random_state': 42, 'tol': 0.001, 'verbose': 0}",0.03733515739440918
Coffee,4,5,9,3,LogisticRegression,HMM_GMM,8,"{'n_components': 1, 'n_mix': 3, 'covariance_type': 'full'}",0.87,0.8691450125811533,"{'C': np.float64(183.29807108324337), 'class_weight': None, 'dual': False, 'fit_intercept': False, 'intercept_scaling': 1, 'l1_ratio': None, 'max_iter': 100, 'multi_class': 'deprecated', 'n_jobs': None, 'penalty': 'l2', 'random_state': 42, 'solver': 'sag', 'tol': 0.0001, 'verbose': 0, 'warm_start': False}",0.11304736137390137
Coffee,4,5,9,3,KNN,HMM_GMM,9,"{'n_components': 5, 'n_mix': 1, 'covariance_type': 'diag'}",0.8833333333333333,0.8829698218072004,"{'algorithm': 'auto', 'leaf_size': 30, 'metric': 'chebyshev', 'metric_params': None, 'n_jobs': None, 'n_neighbors': np.int64(5), 'p': 2, 'weights': 'uniform'}",0.034310102462768555
Coffee,4,5,9,3,RandomForest,HMM_GMM,9,"{'n_components': 5, 'n_mix': 1, 'covariance_type': 'diag'}",0.8633333333333333,0.8610871270773077,"{'bootstrap': True, 'ccp_alpha': 0.0, 'class_weight': 'balanced', 'criterion': 'gini', 'max_depth': 30, 'max_features': 'sqrt', 'max_leaf_nodes': None, 'max_samples': None, 'min_impurity_decrease': 0.0, 'min_samples_leaf': 1, 'min_samples_split': 2, 'min_weight_fraction_leaf': 0.0, 'monotonic_cst': None, 'n_estimators': 150, 'n_jobs': None, 'oob_score': False, 'random_state': 42, 'verbose': 0, 'warm_start': False}",0.8112425804138184
Coffee,4,5,9,3,LinearSVC,HMM_GMM,9,"{'n_components': 5, 'n_mix': 1, 'covariance_type': 'diag'}",0.8216666666666667,0.8194869949715419,"{'C': np.float64(183.29807108324337), 'class_weight': 'balanced', 'dual': False, 'fit_intercept': True, 'intercept_scaling': 1, 'loss': 'squared_hinge', 'max_iter': 100, 'multi_class': 'ovr', 'penalty': 'l1', 'random_state': 42, 'tol': 0.0001, 'verbose': 0}",0.03261446952819824
Coffee,4,5,9,3,LogisticRegression,HMM_GMM,9,"{'n_components': 5, 'n_mix': 1, 'covariance_type': 'diag'}",0.9133333333333333,0.914004025487558,"{'C': np.float64(33.59818286283781), 'class_weight': 'balanced', 'dual': False, 'fit_intercept': True, 'intercept_scaling': 1, 'l1_ratio': None, 'max_iter': 100, 'multi_class': 'deprecated', 'n_jobs': None, 'penalty': 'l2', 'random_state': 42, 'solver': 'saga', 'tol': 0.0001, 'verbose': 0, 'warm_start': False}",0.04350638389587402
Coffee,4,5,9,3,KNN,HMM_GMM,10,"{'n_components': 3, 'n_mix': 5, 'covariance_type': 'diag'}",0.8366666666666667,0.8359757291055001,"{'algorithm': 'auto', 'leaf_size': 30, 'metric': 'euclidean', 'metric_params': None, 'n_jobs': None, 'n_neighbors': np.int64(9), 'p': 2, 'weights': 'distance'}",0.029329299926757812
Coffee,4,5,9,3,RandomForest,HMM_GMM,10,"{'n_components': 3, 'n_mix': 5, 'covariance_type': 'diag'}",0.9233333333333333,0.9233292803503738,"{'bootstrap': True, 'ccp_alpha': 0.0, 'class_weight': 'balanced', 'criterion': 'gini', 'max_depth': 20, 'max_features': 'sqrt', 'max_leaf_nodes': None, 'max_samples': None, 'min_impurity_decrease': 0.0, 'min_samples_leaf': 2, 'min_samples_split': 5, 'min_weight_fraction_leaf': 0.0, 'monotonic_cst': None, 'n_estimators': 50, 'n_jobs': None, 'oob_score': False, 'random_state': 42, 'verbose': 0, 'warm_start': False}",0.2641105651855469
Coffee,4,5,9,3,LinearSVC,HMM_GMM,10,"{'n_components': 3, 'n_mix': 5, 'covariance_type': 'diag'}",0.9283333333333333,0.9279945187540292,"{'C': np.float64(0.4832930238571752), 'class_weight': 'balanced', 'dual': False, 'fit_intercept': True, 'intercept_scaling': 1, 'loss': 'squared_hinge', 'max_iter': 100, 'multi_class': 'ovr', 'penalty': 'l1', 'random_state': 42, 'tol': 0.0001, 'verbose': 0}",0.03891634941101074
Coffee,4,5,9,3,LogisticRegression,HMM_GMM,10,"{'n_components': 3, 'n_mix': 5, 'covariance_type': 'diag'}",0.9583333333333334,0.9582746012306609,"{'C': np.float64(0.4832930238571752), 'class_weight': 'balanced', 'dual': False, 'fit_intercept': True, 'intercept_scaling': 1, 'l1_ratio': None, 'max_iter': 100, 'multi_class': 'deprecated', 'n_jobs': None, 'penalty': 'l1', 'random_state': 42, 'solver': 'saga', 'tol': 0.0001, 'verbose': 0, 'warm_start': False}",0.15635013580322266
Coffee,4,5,9,5,KNN,HMM_GMM,1,"{'n_components': 2, 'n_mix': 1, 'covariance_type': 'diag'}",0.8183333333333334,0.816206003137101,"{'algorithm': 'auto', 'leaf_size': 30, 'metric': 'minkowski', 'metric_params': None, 'n_jobs': None, 'n_neighbors': np.int64(13), 'p': 4, 'weights': 'distance'}",0.06850528717041016
Coffee,4,5,9,5,RandomForest,HMM_GMM,1,"{'n_components': 2, 'n_mix': 1, 'covariance_type': 'diag'}",0.8333333333333334,0.8294970161977834,"{'bootstrap': True, 'ccp_alpha': 0.0, 'class_weight': 'balanced', 'criterion': 'gini', 'max_depth': None, 'max_features': 'sqrt', 'max_leaf_nodes': None, 'max_samples': None, 'min_impurity_decrease': 0.0, 'min_samples_leaf': 2, 'min_samples_split': 20, 'min_weight_fraction_leaf': 0.0, 'monotonic_cst': None, 'n_estimators': 150, 'n_jobs': None, 'oob_score': False, 'random_state': 42, 'verbose': 0, 'warm_start': False}",1.0008289813995361
Coffee,4,5,9,5,LinearSVC,HMM_GMM,1,"{'n_components': 2, 'n_mix': 1, 'covariance_type': 'diag'}",0.73,0.7329395551756157,"{'C': np.float64(2.6366508987303554), 'class_weight': 'balanced', 'dual': False, 'fit_intercept': True, 'intercept_scaling': 1, 'loss': 'squared_hinge', 'max_iter': 100, 'multi_class': 'ovr', 'penalty': 'l1', 'random_state': 42, 'tol': 0.0001, 'verbose': 0}",0.03128218650817871
Coffee,4,5,9,5,LogisticRegression,HMM_GMM,1,"{'n_components': 2, 'n_mix': 1, 'covariance_type': 'diag'}",0.7583333333333333,0.7598578556925248,"{'C': np.float64(0.002976351441631319), 'class_weight': None, 'dual': False, 'fit_intercept': True, 'intercept_scaling': 1, 'l1_ratio': None, 'max_iter': 100, 'multi_class': 'deprecated', 'n_jobs': None, 'penalty': 'l2', 'random_state': 42, 'solver': 'saga', 'tol': 0.0001, 'verbose': 0, 'warm_start': False}",0.03664278984069824
Coffee,4,5,9,5,KNN,HMM_GMM,2,"{'n_components': 2, 'n_mix': 4, 'covariance_type': 'tied'}",0.86,0.8578197296008454,"{'algorithm': 'auto', 'leaf_size': 30, 'metric': 'minkowski', 'metric_params': None, 'n_jobs': None, 'n_neighbors': np.int64(13), 'p': 4, 'weights': 'distance'}",0.03638505935668945
Coffee,4,5,9,5,RandomForest,HMM_GMM,2,"{'n_components': 2, 'n_mix': 4, 'covariance_type': 'tied'}",0.8883333333333333,0.8871722280634081,"{'bootstrap': True, 'ccp_alpha': 0.0, 'class_weight': 'balanced', 'criterion': 'gini', 'max_depth': None, 'max_features': 'sqrt', 'max_leaf_nodes': None, 'max_samples': None, 'min_impurity_decrease': 0.0, 'min_samples_leaf': 1, 'min_samples_split': 2, 'min_weight_fraction_leaf': 0.0, 'monotonic_cst': None, 'n_estimators': 50, 'n_jobs': None, 'oob_score': False, 'random_state': 42, 'verbose': 0, 'warm_start': False}",0.32045531272888184
Coffee,4,5,9,5,LinearSVC,HMM_GMM,2,"{'n_components': 2, 'n_mix': 4, 'covariance_type': 'tied'}",0.8266666666666667,0.8256663123372541,"{'C': np.float64(33.59818286283781), 'class_weight': 'balanced', 'dual': False, 'fit_intercept': True, 'intercept_scaling': 1, 'loss': 'squared_hinge', 'max_iter': 100, 'multi_class': 'ovr', 'penalty': 'l1', 'random_state': 42, 'tol': 0.001, 'verbose': 0}",0.05299639701843262
Coffee,4,5,9,5,LogisticRegression,HMM_GMM,2,"{'n_components': 2, 'n_mix': 4, 'covariance_type': 'tied'}",0.675,0.6636759601661869,"{'C': np.float64(0.002976351441631319), 'class_weight': None, 'dual': False, 'fit_intercept': True, 'intercept_scaling': 1, 'l1_ratio': None, 'max_iter': 100, 'multi_class': 'deprecated', 'n_jobs': None, 'penalty': 'l2', 'random_state': 42, 'solver': 'saga', 'tol': 0.0001, 'verbose': 0, 'warm_start': False}",0.03108692169189453
Coffee,4,5,9,5,KNN,HMM_GMM,3,"{'n_components': 1, 'n_mix': 3, 'covariance_type': 'diag'}",0.8883333333333333,0.8889401429613084,"{'algorithm': 'auto', 'leaf_size': 30, 'metric': 'manhattan', 'metric_params': None, 'n_jobs': None, 'n_neighbors': np.int64(5), 'p': 2, 'weights': 'distance'}",0.02521824836730957
Coffee,4,5,9,5,RandomForest,HMM_GMM,3,"{'n_components': 1, 'n_mix': 3, 'covariance_type': 'diag'}",0.88,0.878571923983909,"{'bootstrap': True, 'ccp_alpha': 0.0, 'class_weight': 'balanced', 'criterion': 'gini', 'max_depth': None, 'max_features': 'sqrt', 'max_leaf_nodes': None, 'max_samples': None, 'min_impurity_decrease': 0.0, 'min_samples_leaf': 1, 'min_samples_split': 2, 'min_weight_fraction_leaf': 0.0, 'monotonic_cst': None, 'n_estimators': 50, 'n_jobs': None, 'oob_score': False, 'random_state': 42, 'verbose': 0, 'warm_start': False}",0.3436286449432373
Coffee,4,5,9,5,LinearSVC,HMM_GMM,3,"{'n_components': 1, 'n_mix': 3, 'covariance_type': 'diag'}",0.7016666666666667,0.698744078261224,"{'C': np.float64(1000.0), 'class_weight': 'balanced', 'dual': False, 'fit_intercept': True, 'intercept_scaling': 1, 'loss': 'squared_hinge', 'max_iter': 100, 'multi_class': 'ovr', 'penalty': 'l2', 'random_state': 42, 'tol': 0.001, 'verbose': 0}",0.022411108016967773
Coffee,4,5,9,5,LogisticRegression,HMM_GMM,3,"{'n_components': 1, 'n_mix': 3, 'covariance_type': 'diag'}",0.7283333333333334,0.7304926122136305,"{'C': np.float64(183.29807108324337), 'class_weight': 'balanced', 'dual': False, 'fit_intercept': True, 'intercept_scaling': 1, 'l1_ratio': None, 'max_iter': 100, 'multi_class': 'deprecated', 'n_jobs': None, 'penalty': 'l1', 'random_state': 42, 'solver': 'saga', 'tol': 0.0001, 'verbose': 0, 'warm_start': False}",0.05443215370178223
Coffee,4,5,9,5,KNN,HMM_GMM,4,"{'n_components': 4, 'n_mix': 3, 'covariance_type': 'diag'}",0.8566666666666667,0.8581494402083604,"{'algorithm': 'auto', 'leaf_size': 30, 'metric': 'manhattan', 'metric_params': None, 'n_jobs': None, 'n_neighbors': np.int64(5), 'p': 2, 'weights': 'distance'}",0.019121646881103516
Coffee,4,5,9,5,RandomForest,HMM_GMM,4,"{'n_components': 4, 'n_mix': 3, 'covariance_type': 'diag'}",0.8766666666666667,0.8757442752460451,"{'bootstrap': True, 'ccp_alpha': 0.0, 'class_weight': None, 'criterion': 'gini', 'max_depth': None, 'max_features': 'sqrt', 'max_leaf_nodes': None, 'max_samples': None, 'min_impurity_decrease': 0.0, 'min_samples_leaf': 4, 'min_samples_split': 2, 'min_weight_fraction_leaf': 0.0, 'monotonic_cst': None, 'n_estimators': 50, 'n_jobs': None, 'oob_score': False, 'random_state': 42, 'verbose': 0, 'warm_start': False}",0.23952174186706543
Coffee,4,5,9,5,LinearSVC,HMM_GMM,4,"{'n_components': 4, 'n_mix': 3, 'covariance_type': 'diag'}",0.85,0.8482456140350877,"{'C': np.float64(1000.0), 'class_weight': 'balanced', 'dual': False, 'fit_intercept': True, 'intercept_scaling': 1, 'loss': 'squared_hinge', 'max_iter': 100, 'multi_class': 'ovr', 'penalty': 'l2', 'random_state': 42, 'tol': 0.001, 'verbose': 0}",0.02179884910583496
Coffee,4,5,9,5,LogisticRegression,HMM_GMM,4,"{'n_components': 4, 'n_mix': 3, 'covariance_type': 'diag'}",0.7033333333333334,0.7066772105860734,"{'C': np.float64(0.002976351441631319), 'class_weight': None, 'dual': False, 'fit_intercept': True, 'intercept_scaling': 1, 'l1_ratio': None, 'max_iter': 100, 'multi_class': 'deprecated', 'n_jobs': None, 'penalty': 'l2', 'random_state': 42, 'solver': 'saga', 'tol': 0.0001, 'verbose': 0, 'warm_start': False}",0.027670860290527344
Coffee,4,5,9,5,KNN,HMM_GMM,5,"{'n_components': 1, 'n_mix': 1, 'covariance_type': 'tied'}",0.9033333333333333,0.9043626201812257,"{'algorithm': 'auto', 'leaf_size': 30, 'metric': 'euclidean', 'metric_params': None, 'n_jobs': None, 'n_neighbors': np.int64(15), 'p': 2, 'weights': 'distance'}",0.01485753059387207
Coffee,4,5,9,5,RandomForest,HMM_GMM,5,"{'n_components': 1, 'n_mix': 1, 'covariance_type': 'tied'}",0.8883333333333333,0.8889690653410696,"{'bootstrap': True, 'ccp_alpha': 0.0, 'class_weight': 'balanced', 'criterion': 'gini', 'max_depth': 30, 'max_features': 'sqrt', 'max_leaf_nodes': None, 'max_samples': None, 'min_impurity_decrease': 0.0, 'min_samples_leaf': 1, 'min_samples_split': 2, 'min_weight_fraction_leaf': 0.0, 'monotonic_cst': None, 'n_estimators': 150, 'n_jobs': None, 'oob_score': False, 'random_state': 42, 'verbose': 0, 'warm_start': False}",0.8202006816864014
Coffee,4,5,9,5,LinearSVC,HMM_GMM,5,"{'n_components': 1, 'n_mix': 1, 'covariance_type': 'tied'}",0.9483333333333334,0.9481888194113998,"{'C': np.float64(1000.0), 'class_weight': 'balanced', 'dual': False, 'fit_intercept': True, 'intercept_scaling': 1, 'loss': 'squared_hinge', 'max_iter': 100, 'multi_class': 'ovr', 'penalty': 'l2', 'random_state': 42, 'tol': 0.001, 'verbose': 0}",0.02213764190673828
Coffee,4,5,9,5,LogisticRegression,HMM_GMM,5,"{'n_components': 1, 'n_mix': 1, 'covariance_type': 'tied'}",0.9033333333333333,0.9021284339517742,"{'C': np.float64(33.59818286283781), 'class_weight': 'balanced', 'dual': False, 'fit_intercept': True, 'intercept_scaling': 1, 'l1_ratio': None, 'max_iter': 100, 'multi_class': 'deprecated', 'n_jobs': None, 'penalty': 'l2', 'random_state': 42, 'solver': 'saga', 'tol': 0.0001, 'verbose': 0, 'warm_start': False}",0.23381543159484863
Coffee,4,5,9,5,KNN,HMM_GMM,6,"{'n_components': 4, 'n_mix': 3, 'covariance_type': 'diag'}",0.8566666666666667,0.8581494402083604,"{'algorithm': 'auto', 'leaf_size': 30, 'metric': 'manhattan', 'metric_params': None, 'n_jobs': None, 'n_neighbors': np.int64(5), 'p': 2, 'weights': 'distance'}",0.0236818790435791
Coffee,4,5,9,5,RandomForest,HMM_GMM,6,"{'n_components': 4, 'n_mix': 3, 'covariance_type': 'diag'}",0.88,0.8792847768350782,"{'bootstrap': True, 'ccp_alpha': 0.0, 'class_weight': None, 'criterion': 'gini', 'max_depth': None, 'max_features': 'sqrt', 'max_leaf_nodes': None, 'max_samples': None, 'min_impurity_decrease': 0.0, 'min_samples_leaf': 4, 'min_samples_split': 2, 'min_weight_fraction_leaf': 0.0, 'monotonic_cst': None, 'n_estimators': 50, 'n_jobs': None, 'oob_score': False, 'random_state': 42, 'verbose': 0, 'warm_start': False}",0.2327587604522705
Coffee,4,5,9,5,LinearSVC,HMM_GMM,6,"{'n_components': 4, 'n_mix': 3, 'covariance_type': 'diag'}",0.85,0.8482456140350877,"{'C': np.float64(1000.0), 'class_weight': 'balanced', 'dual': False, 'fit_intercept': True, 'intercept_scaling': 1, 'loss': 'squared_hinge', 'max_iter': 100, 'multi_class': 'ovr', 'penalty': 'l2', 'random_state': 42, 'tol': 0.001, 'verbose': 0}",0.01943802833557129
Coffee,4,5,9,5,LogisticRegression,HMM_GMM,6,"{'n_components': 4, 'n_mix': 3, 'covariance_type': 'diag'}",0.7033333333333334,0.7066772105860734,"{'C': np.float64(0.002976351441631319), 'class_weight': None, 'dual': False, 'fit_intercept': True, 'intercept_scaling': 1, 'l1_ratio': None, 'max_iter': 100, 'multi_class': 'deprecated', 'n_jobs': None, 'penalty': 'l2', 'random_state': 42, 'solver': 'saga', 'tol': 0.0001, 'verbose': 0, 'warm_start': False}",0.028993606567382812
Coffee,4,5,9,5,KNN,HMM_GMM,7,"{'n_components': 2, 'n_mix': 5, 'covariance_type': 'diag'}",0.8416666666666667,0.8427149800648137,"{'algorithm': 'auto', 'leaf_size': 30, 'metric': 'manhattan', 'metric_params': None, 'n_jobs': None, 'n_neighbors': np.int64(5), 'p': 2, 'weights': 'distance'}",0.024579524993896484
Coffee,4,5,9,5,RandomForest,HMM_GMM,7,"{'n_components': 2, 'n_mix': 5, 'covariance_type': 'diag'}",0.8766666666666667,0.8770180793865002,"{'bootstrap': True, 'ccp_alpha': 0.0, 'class_weight': None, 'criterion': 'gini', 'max_depth': 30, 'max_features': 'sqrt', 'max_leaf_nodes': None, 'max_samples': None, 'min_impurity_decrease': 0.0, 'min_samples_leaf': 4, 'min_samples_split': 2, 'min_weight_fraction_leaf': 0.0, 'monotonic_cst': None, 'n_estimators': 50, 'n_jobs': None, 'oob_score': False, 'random_state': 42, 'verbose': 0, 'warm_start': False}",0.2880079746246338
Coffee,4,5,9,5,LinearSVC,HMM_GMM,7,"{'n_components': 2, 'n_mix': 5, 'covariance_type': 'diag'}",0.8266666666666667,0.8279141696190877,"{'C': np.float64(33.59818286283781), 'class_weight': None, 'dual': False, 'fit_intercept': True, 'intercept_scaling': 1, 'loss': 'squared_hinge', 'max_iter': 100, 'multi_class': 'ovr', 'penalty': 'l1', 'random_state': 42, 'tol': 0.001, 'verbose': 0}",0.049118995666503906
Coffee,4,5,9,5,LogisticRegression,HMM_GMM,7,"{'n_components': 2, 'n_mix': 5, 'covariance_type': 'diag'}",0.915,0.9146252067765858,"{'C': np.float64(183.29807108324337), 'class_weight': 'balanced', 'dual': False, 'fit_intercept': True, 'intercept_scaling': 1, 'l1_ratio': None, 'max_iter': 100, 'multi_class': 'deprecated', 'n_jobs': None, 'penalty': 'l1', 'random_state': 42, 'solver': 'saga', 'tol': 0.0001, 'verbose': 0, 'warm_start': False}",0.05886507034301758
Coffee,4,5,9,5,KNN,HMM_GMM,8,"{'n_components': 1, 'n_mix': 3, 'covariance_type': 'full'}",0.9216666666666666,0.9215272929086776,"{'algorithm': 'auto', 'leaf_size': 30, 'metric': 'manhattan', 'metric_params': None, 'n_jobs': None, 'n_neighbors': np.int64(5), 'p': 2, 'weights': 'distance'}",0.01715373992919922
Coffee,4,5,9,5,RandomForest,HMM_GMM,8,"{'n_components': 1, 'n_mix': 3, 'covariance_type': 'full'}",0.8916666666666667,0.8907321098777671,"{'bootstrap': True, 'ccp_alpha': 0.0, 'class_weight': None, 'criterion': 'gini', 'max_depth': None, 'max_features': 'sqrt', 'max_leaf_nodes': None, 'max_samples': None, 'min_impurity_decrease': 0.0, 'min_samples_leaf': 4, 'min_samples_split': 10, 'min_weight_fraction_leaf': 0.0, 'monotonic_cst': None, 'n_estimators': 50, 'n_jobs': None, 'oob_score': False, 'random_state': 42, 'verbose': 0, 'warm_start': False}",0.31122803688049316
Coffee,4,5,9,5,LinearSVC,HMM_GMM,8,"{'n_components': 1, 'n_mix': 3, 'covariance_type': 'full'}",0.87,0.8697570217748387,"{'C': np.float64(33.59818286283781), 'class_weight': 'balanced', 'dual': False, 'fit_intercept': True, 'intercept_scaling': 1, 'loss': 'squared_hinge', 'max_iter': 100, 'multi_class': 'ovr', 'penalty': 'l1', 'random_state': 42, 'tol': 0.0001, 'verbose': 0}",0.12106966972351074
Coffee,4,5,9,5,LogisticRegression,HMM_GMM,8,"{'n_components': 1, 'n_mix': 3, 'covariance_type': 'full'}",0.69,0.6908659866911888,"{'C': np.float64(0.002976351441631319), 'class_weight': None, 'dual': False, 'fit_intercept': True, 'intercept_scaling': 1, 'l1_ratio': None, 'max_iter': 100, 'multi_class': 'deprecated', 'n_jobs': None, 'penalty': 'l2', 'random_state': 42, 'solver': 'saga', 'tol': 0.0001, 'verbose': 0, 'warm_start': False}",0.039505958557128906
Coffee,4,5,9,5,KNN,HMM_GMM,9,"{'n_components': 5, 'n_mix': 1, 'covariance_type': 'diag'}",0.8566666666666667,0.8558255723634134,"{'algorithm': 'auto', 'leaf_size': 30, 'metric': 'minkowski', 'metric_params': None, 'n_jobs': None, 'n_neighbors': np.int64(13), 'p': 4, 'weights': 'distance'}",0.050133705139160156
Coffee,4,5,9,5,RandomForest,HMM_GMM,9,"{'n_components': 5, 'n_mix': 1, 'covariance_type': 'diag'}",0.8533333333333334,0.85066329197942,"{'bootstrap': True, 'ccp_alpha': 0.0, 'class_weight': 'balanced', 'criterion': 'gini', 'max_depth': None, 'max_features': 'sqrt', 'max_leaf_nodes': None, 'max_samples': None, 'min_impurity_decrease': 0.0, 'min_samples_leaf': 2, 'min_samples_split': 20, 'min_weight_fraction_leaf': 0.0, 'monotonic_cst': None, 'n_estimators': 150, 'n_jobs': None, 'oob_score': False, 'random_state': 42, 'verbose': 0, 'warm_start': False}",0.9627492427825928
Coffee,4,5,9,5,LinearSVC,HMM_GMM,9,"{'n_components': 5, 'n_mix': 1, 'covariance_type': 'diag'}",0.7366666666666667,0.7212031899650657,"{'C': np.float64(33.59818286283781), 'class_weight': None, 'dual': False, 'fit_intercept': True, 'intercept_scaling': 1, 'loss': 'squared_hinge', 'max_iter': 100, 'multi_class': 'ovr', 'penalty': 'l1', 'random_state': 42, 'tol': 0.001, 'verbose': 0}",0.04658675193786621
Coffee,4,5,9,5,LogisticRegression,HMM_GMM,9,"{'n_components': 5, 'n_mix': 1, 'covariance_type': 'diag'}",0.695,0.6851934668206617,"{'C': np.float64(0.002976351441631319), 'class_weight': None, 'dual': False, 'fit_intercept': True, 'intercept_scaling': 1, 'l1_ratio': None, 'max_iter': 100, 'multi_class': 'deprecated', 'n_jobs': None, 'penalty': 'l2', 'random_state': 42, 'solver': 'saga', 'tol': 0.0001, 'verbose': 0, 'warm_start': False}",0.033017635345458984
Coffee,4,5,9,5,KNN,HMM_GMM,10,"{'n_components': 3, 'n_mix': 5, 'covariance_type': 'diag'}",0.8316666666666667,0.8308241927487465,"{'algorithm': 'auto', 'leaf_size': 30, 'metric': 'euclidean', 'metric_params': None, 'n_jobs': None, 'n_neighbors': np.int64(15), 'p': 2, 'weights': 'distance'}",0.021028757095336914
Coffee,4,5,9,5,RandomForest,HMM_GMM,10,"{'n_components': 3, 'n_mix': 5, 'covariance_type': 'diag'}",0.9166666666666666,0.9166639337656504,"{'bootstrap': True, 'ccp_alpha': 0.0, 'class_weight': 'balanced', 'criterion': 'gini', 'max_depth': None, 'max_features': 'sqrt', 'max_leaf_nodes': None, 'max_samples': None, 'min_impurity_decrease': 0.0, 'min_samples_leaf': 2, 'min_samples_split': 2, 'min_weight_fraction_leaf': 0.0, 'monotonic_cst': None, 'n_estimators': 150, 'n_jobs': None, 'oob_score': False, 'random_state': 42, 'verbose': 0, 'warm_start': False}",0.861274003982544
Coffee,4,5,9,5,LinearSVC,HMM_GMM,10,"{'n_components': 3, 'n_mix': 5, 'covariance_type': 'diag'}",0.9166666666666666,0.9161638110963721,"{'C': np.float64(6.1584821106602545), 'class_weight': 'balanced', 'dual': False, 'fit_intercept': False, 'intercept_scaling': 1, 'loss': 'squared_hinge', 'max_iter': 100, 'multi_class': 'ovr', 'penalty': 'l2', 'random_state': 42, 'tol': 0.0001, 'verbose': 0}",0.022451162338256836
Coffee,4,5,9,5,LogisticRegression,HMM_GMM,10,"{'n_components': 3, 'n_mix': 5, 'covariance_type': 'diag'}",0.95,0.9498889399341605,"{'C': np.float64(33.59818286283781), 'class_weight': None, 'dual': False, 'fit_intercept': True, 'intercept_scaling': 1, 'l1_ratio': None, 'max_iter': 100, 'multi_class': 'deprecated', 'n_jobs': None, 'penalty': 'l2', 'random_state': 42, 'solver': 'saga', 'tol': 0.0001, 'verbose': 0, 'warm_start': False}",0.19049453735351562
Coffee,4,5,9,10,KNN,HMM_GMM,1,"{'n_components': 2, 'n_mix': 1, 'covariance_type': 'diag'}",0.8383333333333334,0.8385336639963841,"{'algorithm': 'auto', 'leaf_size': 30, 'metric': 'minkowski', 'metric_params': None, 'n_jobs': None, 'n_neighbors': 5, 'p': 2, 'weights': 'uniform'}",0.044783830642700195
Coffee,4,5,9,10,RandomForest,HMM_GMM,1,"{'n_components': 2, 'n_mix': 1, 'covariance_type': 'diag'}",0.8366666666666667,0.8328768959946712,"{'bootstrap': True, 'ccp_alpha': 0.0, 'class_weight': None, 'criterion': 'gini', 'max_depth': None, 'max_features': 'sqrt', 'max_leaf_nodes': None, 'max_samples': None, 'min_impurity_decrease': 0.0, 'min_samples_leaf': 1, 'min_samples_split': 2, 'min_weight_fraction_leaf': 0.0, 'monotonic_cst': None, 'n_estimators': 100, 'n_jobs': None, 'oob_score': False, 'random_state': 42, 'verbose': 0, 'warm_start': False}",0.7505419254302979
Coffee,4,5,9,10,LinearSVC,HMM_GMM,1,"{'n_components': 2, 'n_mix': 1, 'covariance_type': 'diag'}",0.7483333333333333,0.7518261691631456,"{'C': 1.0, 'class_weight': None, 'dual': False, 'fit_intercept': True, 'intercept_scaling': 1, 'loss': 'squared_hinge', 'max_iter': 100, 'multi_class': 'ovr', 'penalty': 'l2', 'random_state': 42, 'tol': 0.0001, 'verbose': 0}",0.03213858604431152
Coffee,4,5,9,10,LogisticRegression,HMM_GMM,1,"{'n_components': 2, 'n_mix': 1, 'covariance_type': 'diag'}",0.8133333333333334,0.8181571876630133,"{'C': 1.0, 'class_weight': None, 'dual': False, 'fit_intercept': True, 'intercept_scaling': 1, 'l1_ratio': None, 'max_iter': 100, 'multi_class': 'deprecated', 'n_jobs': None, 'penalty': 'l2', 'random_state': 42, 'solver': 'lbfgs', 'tol': 0.0001, 'verbose': 0, 'warm_start': False}",0.08005571365356445
Coffee,4,5,9,10,KNN,HMM_GMM,2,"{'n_components': 2, 'n_mix': 4, 'covariance_type': 'tied'}",0.8816666666666667,0.8820216958000379,"{'algorithm': 'auto', 'leaf_size': 30, 'metric': 'minkowski', 'metric_params': None, 'n_jobs': None, 'n_neighbors': 5, 'p': 2, 'weights': 'uniform'}",0.04107666015625
Coffee,4,5,9,10,RandomForest,HMM_GMM,2,"{'n_components': 2, 'n_mix': 4, 'covariance_type': 'tied'}",0.905,0.9044453574334245,"{'bootstrap': True, 'ccp_alpha': 0.0, 'class_weight': None, 'criterion': 'gini', 'max_depth': None, 'max_features': 'sqrt', 'max_leaf_nodes': None, 'max_samples': None, 'min_impurity_decrease': 0.0, 'min_samples_leaf': 1, 'min_samples_split': 2, 'min_weight_fraction_leaf': 0.0, 'monotonic_cst': None, 'n_estimators': 100, 'n_jobs': None, 'oob_score': False, 'random_state': 42, 'verbose': 0, 'warm_start': False}",0.6739273071289062
Coffee,4,5,9,10,LinearSVC,HMM_GMM,2,"{'n_components': 2, 'n_mix': 4, 'covariance_type': 'tied'}",0.7966666666666666,0.795203682195552,"{'C': 1.0, 'class_weight': None, 'dual': False, 'fit_intercept': True, 'intercept_scaling': 1, 'loss': 'squared_hinge', 'max_iter': 100, 'multi_class': 'ovr', 'penalty': 'l2', 'random_state': 42, 'tol': 0.0001, 'verbose': 0}",0.04848504066467285
Coffee,4,5,9,10,LogisticRegression,HMM_GMM,2,"{'n_components': 2, 'n_mix': 4, 'covariance_type': 'tied'}",0.83,0.8308224534475184,"{'C': 1.0, 'class_weight': None, 'dual': False, 'fit_intercept': True, 'intercept_scaling': 1, 'l1_ratio': None, 'max_iter': 100, 'multi_class': 'deprecated', 'n_jobs': None, 'penalty': 'l2', 'random_state': 42, 'solver': 'lbfgs', 'tol': 0.0001, 'verbose': 0, 'warm_start': False}",0.1752910614013672
Coffee,4,5,9,10,KNN,HMM_GMM,3,"{'n_components': 1, 'n_mix': 3, 'covariance_type': 'diag'}",0.895,0.8953775861431904,"{'algorithm': 'auto', 'leaf_size': 30, 'metric': 'minkowski', 'metric_params': None, 'n_jobs': None, 'n_neighbors': 5, 'p': 2, 'weights': 'uniform'}",0.04207158088684082
Coffee,4,5,9,10,RandomForest,HMM_GMM,3,"{'n_components': 1, 'n_mix': 3, 'covariance_type': 'diag'}",0.885,0.8837304100120768,"{'bootstrap': True, 'ccp_alpha': 0.0, 'class_weight': None, 'criterion': 'gini', 'max_depth': None, 'max_features': 'sqrt', 'max_leaf_nodes': None, 'max_samples': None, 'min_impurity_decrease': 0.0, 'min_samples_leaf': 1, 'min_samples_split': 2, 'min_weight_fraction_leaf': 0.0, 'monotonic_cst': None, 'n_estimators': 100, 'n_jobs': None, 'oob_score': False, 'random_state': 42, 'verbose': 0, 'warm_start': False}",0.896435022354126
Coffee,4,5,9,10,LinearSVC,HMM_GMM,3,"{'n_components': 1, 'n_mix': 3, 'covariance_type': 'diag'}",0.6966666666666667,0.6923416943519001,"{'C': 1.0, 'class_weight': None, 'dual': False, 'fit_intercept': True, 'intercept_scaling': 1, 'loss': 'squared_hinge', 'max_iter': 100, 'multi_class': 'ovr', 'penalty': 'l2', 'random_state': 42, 'tol': 0.0001, 'verbose': 0}",0.04515480995178223
Coffee,4,5,9,10,LogisticRegression,HMM_GMM,3,"{'n_components': 1, 'n_mix': 3, 'covariance_type': 'diag'}",0.7183333333333334,0.7192040021413671,"{'C': 1.0, 'class_weight': None, 'dual': False, 'fit_intercept': True, 'intercept_scaling': 1, 'l1_ratio': None, 'max_iter': 100, 'multi_class': 'deprecated', 'n_jobs': None, 'penalty': 'l2', 'random_state': 42, 'solver': 'lbfgs', 'tol': 0.0001, 'verbose': 0, 'warm_start': False}",0.15593624114990234
Coffee,4,5,9,10,KNN,HMM_GMM,4,"{'n_components': 4, 'n_mix': 3, 'covariance_type': 'diag'}",0.8833333333333333,0.8839438827937556,"{'algorithm': 'auto', 'leaf_size': 30, 'metric': 'minkowski', 'metric_params': None, 'n_jobs': None, 'n_neighbors': 5, 'p': 2, 'weights': 'uniform'}",0.042215585708618164
Coffee,4,5,9,10,RandomForest,HMM_GMM,4,"{'n_components': 4, 'n_mix': 3, 'covariance_type': 'diag'}",0.8733333333333333,0.8715773120560891,"{'bootstrap': True, 'ccp_alpha': 0.0, 'class_weight': None, 'criterion': 'gini', 'max_depth': None, 'max_features': 'sqrt', 'max_leaf_nodes': None, 'max_samples': None, 'min_impurity_decrease': 0.0, 'min_samples_leaf': 1, 'min_samples_split': 2, 'min_weight_fraction_leaf': 0.0, 'monotonic_cst': None, 'n_estimators': 100, 'n_jobs': None, 'oob_score': False, 'random_state': 42, 'verbose': 0, 'warm_start': False}",0.6517715454101562
Coffee,4,5,9,10,LinearSVC,HMM_GMM,4,"{'n_components': 4, 'n_mix': 3, 'covariance_type': 'diag'}",0.8316666666666667,0.8296103306936842,"{'C': 1.0, 'class_weight': None, 'dual': False, 'fit_intercept': True, 'intercept_scaling': 1, 'loss': 'squared_hinge', 'max_iter': 100, 'multi_class': 'ovr', 'penalty': 'l2', 'random_state': 42, 'tol': 0.0001, 'verbose': 0}",0.04535388946533203
Coffee,4,5,9,10,LogisticRegression,HMM_GMM,4,"{'n_components': 4, 'n_mix': 3, 'covariance_type': 'diag'}",0.89,0.8897559134506259,"{'C': 1.0, 'class_weight': None, 'dual': False, 'fit_intercept': True, 'intercept_scaling': 1, 'l1_ratio': None, 'max_iter': 100, 'multi_class': 'deprecated', 'n_jobs': None, 'penalty': 'l2', 'random_state': 42, 'solver': 'lbfgs', 'tol': 0.0001, 'verbose': 0, 'warm_start': False}",0.0966949462890625
Coffee,4,5,9,10,KNN,HMM_GMM,5,"{'n_components': 1, 'n_mix': 1, 'covariance_type': 'tied'}",0.9216666666666666,0.9226272288741435,"{'algorithm': 'auto', 'leaf_size': 30, 'metric': 'minkowski', 'metric_params': None, 'n_jobs': None, 'n_neighbors': 5, 'p': 2, 'weights': 'uniform'}",0.03977012634277344
Coffee,4,5,9,10,RandomForest,HMM_GMM,5,"{'n_components': 1, 'n_mix': 1, 'covariance_type': 'tied'}",0.8933333333333333,0.8947791288239241,"{'bootstrap': True, 'ccp_alpha': 0.0, 'class_weight': None, 'criterion': 'gini', 'max_depth': None, 'max_features': 'sqrt', 'max_leaf_nodes': None, 'max_samples': None, 'min_impurity_decrease': 0.0, 'min_samples_leaf': 1, 'min_samples_split': 2, 'min_weight_fraction_leaf': 0.0, 'monotonic_cst': None, 'n_estimators': 100, 'n_jobs': None, 'oob_score': False, 'random_state': 42, 'verbose': 0, 'warm_start': False}",0.7078807353973389
Coffee,4,5,9,10,LinearSVC,HMM_GMM,5,"{'n_components': 1, 'n_mix': 1, 'covariance_type': 'tied'}",0.9433333333333334,0.9431453449118933,"{'C': 1.0, 'class_weight': None, 'dual': False, 'fit_intercept': True, 'intercept_scaling': 1, 'loss': 'squared_hinge', 'max_iter': 100, 'multi_class': 'ovr', 'penalty': 'l2', 'random_state': 42, 'tol': 0.0001, 'verbose': 0}",0.047738075256347656
Coffee,4,5,9,10,LogisticRegression,HMM_GMM,5,"{'n_components': 1, 'n_mix': 1, 'covariance_type': 'tied'}",0.9183333333333333,0.9176294394522893,"{'C': 1.0, 'class_weight': None, 'dual': False, 'fit_intercept': True, 'intercept_scaling': 1, 'l1_ratio': None, 'max_iter': 100, 'multi_class': 'deprecated', 'n_jobs': None, 'penalty': 'l2', 'random_state': 42, 'solver': 'lbfgs', 'tol': 0.0001, 'verbose': 0, 'warm_start': False}",0.2923769950866699
Coffee,4,5,9,10,KNN,HMM_GMM,6,"{'n_components': 4, 'n_mix': 3, 'covariance_type': 'diag'}",0.8833333333333333,0.8839438827937556,"{'algorithm': 'auto', 'leaf_size': 30, 'metric': 'minkowski', 'metric_params': None, 'n_jobs': None, 'n_neighbors': 5, 'p': 2, 'weights': 'uniform'}",0.04209709167480469
Coffee,4,5,9,10,RandomForest,HMM_GMM,6,"{'n_components': 4, 'n_mix': 3, 'covariance_type': 'diag'}",0.8683333333333333,0.86631577940831,"{'bootstrap': True, 'ccp_alpha': 0.0, 'class_weight': None, 'criterion': 'gini', 'max_depth': None, 'max_features': 'sqrt', 'max_leaf_nodes': None, 'max_samples': None, 'min_impurity_decrease': 0.0, 'min_samples_leaf': 1, 'min_samples_split': 2, 'min_weight_fraction_leaf': 0.0, 'monotonic_cst': None, 'n_estimators': 100, 'n_jobs': None, 'oob_score': False, 'random_state': 42, 'verbose': 0, 'warm_start': False}",0.644397497177124
Coffee,4,5,9,10,LinearSVC,HMM_GMM,6,"{'n_components': 4, 'n_mix': 3, 'covariance_type': 'diag'}",0.8316666666666667,0.8296103306936842,"{'C': 1.0, 'class_weight': None, 'dual': False, 'fit_intercept': True, 'intercept_scaling': 1, 'loss': 'squared_hinge', 'max_iter': 100, 'multi_class': 'ovr', 'penalty': 'l2', 'random_state': 42, 'tol': 0.0001, 'verbose': 0}",0.04507565498352051
Coffee,4,5,9,10,LogisticRegression,HMM_GMM,6,"{'n_components': 4, 'n_mix': 3, 'covariance_type': 'diag'}",0.89,0.8897559134506259,"{'C': 1.0, 'class_weight': None, 'dual': False, 'fit_intercept': True, 'intercept_scaling': 1, 'l1_ratio': None, 'max_iter': 100, 'multi_class': 'deprecated', 'n_jobs': None, 'penalty': 'l2', 'random_state': 42, 'solver': 'lbfgs', 'tol': 0.0001, 'verbose': 0, 'warm_start': False}",0.10311460494995117
Coffee,4,5,9,10,KNN,HMM_GMM,7,"{'n_components': 2, 'n_mix': 5, 'covariance_type': 'diag'}",0.8616666666666667,0.8619229813526531,"{'algorithm': 'auto', 'leaf_size': 30, 'metric': 'minkowski', 'metric_params': None, 'n_jobs': None, 'n_neighbors': 5, 'p': 2, 'weights': 'uniform'}",0.04233956336975098
Coffee,4,5,9,10,RandomForest,HMM_GMM,7,"{'n_components': 2, 'n_mix': 5, 'covariance_type': 'diag'}",0.8783333333333333,0.87793441637093,"{'bootstrap': True, 'ccp_alpha': 0.0, 'class_weight': None, 'criterion': 'gini', 'max_depth': None, 'max_features': 'sqrt', 'max_leaf_nodes': None, 'max_samples': None, 'min_impurity_decrease': 0.0, 'min_samples_leaf': 1, 'min_samples_split': 2, 'min_weight_fraction_leaf': 0.0, 'monotonic_cst': None, 'n_estimators': 100, 'n_jobs': None, 'oob_score': False, 'random_state': 42, 'verbose': 0, 'warm_start': False}",0.771665096282959
Coffee,4,5,9,10,LinearSVC,HMM_GMM,7,"{'n_components': 2, 'n_mix': 5, 'covariance_type': 'diag'}",0.9116666666666666,0.9113794392420236,"{'C': 1.0, 'class_weight': None, 'dual': False, 'fit_intercept': True, 'intercept_scaling': 1, 'loss': 'squared_hinge', 'max_iter': 100, 'multi_class': 'ovr', 'penalty': 'l2', 'random_state': 42, 'tol': 0.0001, 'verbose': 0}",0.05214810371398926
Coffee,4,5,9,10,LogisticRegression,HMM_GMM,7,"{'n_components': 2, 'n_mix': 5, 'covariance_type': 'diag'}",0.9366666666666666,0.9369058617679593,"{'C': 1.0, 'class_weight': None, 'dual': False, 'fit_intercept': True, 'intercept_scaling': 1, 'l1_ratio': None, 'max_iter': 100, 'multi_class': 'deprecated', 'n_jobs': None, 'penalty': 'l2', 'random_state': 42, 'solver': 'lbfgs', 'tol': 0.0001, 'verbose': 0, 'warm_start': False}",0.3306453227996826
Coffee,4,5,9,10,KNN,HMM_GMM,8,"{'n_components': 1, 'n_mix': 3, 'covariance_type': 'full'}",0.9433333333333334,0.9432101199507759,"{'algorithm': 'auto', 'leaf_size': 30, 'metric': 'minkowski', 'metric_params': None, 'n_jobs': None, 'n_neighbors': 5, 'p': 2, 'weights': 'uniform'}",0.046822309494018555
Coffee,4,5,9,10,RandomForest,HMM_GMM,8,"{'n_components': 1, 'n_mix': 3, 'covariance_type': 'full'}",0.9166666666666666,0.9162439147109175,"{'bootstrap': True, 'ccp_alpha': 0.0, 'class_weight': None, 'criterion': 'gini', 'max_depth': None, 'max_features': 'sqrt', 'max_leaf_nodes': None, 'max_samples': None, 'min_impurity_decrease': 0.0, 'min_samples_leaf': 1, 'min_samples_split': 2, 'min_weight_fraction_leaf': 0.0, 'monotonic_cst': None, 'n_estimators': 100, 'n_jobs': None, 'oob_score': False, 'random_state': 42, 'verbose': 0, 'warm_start': False}",0.7560923099517822
Coffee,4,5,9,10,LinearSVC,HMM_GMM,8,"{'n_components': 1, 'n_mix': 3, 'covariance_type': 'full'}",0.8216666666666667,0.8195901454694267,"{'C': 1.0, 'class_weight': None, 'dual': False, 'fit_intercept': True, 'intercept_scaling': 1, 'loss': 'squared_hinge', 'max_iter': 100, 'multi_class': 'ovr', 'penalty': 'l2', 'random_state': 42, 'tol': 0.0001, 'verbose': 0}",0.05813407897949219
Coffee,4,5,9,10,LogisticRegression,HMM_GMM,8,"{'n_components': 1, 'n_mix': 3, 'covariance_type': 'full'}",0.8516666666666667,0.8506697539956963,"{'C': 1.0, 'class_weight': None, 'dual': False, 'fit_intercept': True, 'intercept_scaling': 1, 'l1_ratio': None, 'max_iter': 100, 'multi_class': 'deprecated', 'n_jobs': None, 'penalty': 'l2', 'random_state': 42, 'solver': 'lbfgs', 'tol': 0.0001, 'verbose': 0, 'warm_start': False}",0.3384988307952881
Coffee,4,5,9,10,KNN,HMM_GMM,9,"{'n_components': 5, 'n_mix': 1, 'covariance_type': 'diag'}",0.87,0.8701211212640396,"{'algorithm': 'auto', 'leaf_size': 30, 'metric': 'minkowski', 'metric_params': None, 'n_jobs': None, 'n_neighbors': 5, 'p': 2, 'weights': 'uniform'}",0.0507199764251709
Coffee,4,5,9,10,RandomForest,HMM_GMM,9,"{'n_components': 5, 'n_mix': 1, 'covariance_type': 'diag'}",0.85,0.8471834072921437,"{'bootstrap': True, 'ccp_alpha': 0.0, 'class_weight': None, 'criterion': 'gini', 'max_depth': None, 'max_features': 'sqrt', 'max_leaf_nodes': None, 'max_samples': None, 'min_impurity_decrease': 0.0, 'min_samples_leaf': 1, 'min_samples_split': 2, 'min_weight_fraction_leaf': 0.0, 'monotonic_cst': None, 'n_estimators': 100, 'n_jobs': None, 'oob_score': False, 'random_state': 42, 'verbose': 0, 'warm_start': False}",0.8490695953369141
Coffee,4,5,9,10,LinearSVC,HMM_GMM,9,"{'n_components': 5, 'n_mix': 1, 'covariance_type': 'diag'}",0.7083333333333334,0.6859039293607835,"{'C': 1.0, 'class_weight': None, 'dual': False, 'fit_intercept': True, 'intercept_scaling': 1, 'loss': 'squared_hinge', 'max_iter': 100, 'multi_class': 'ovr', 'penalty': 'l2', 'random_state': 42, 'tol': 0.0001, 'verbose': 0}",0.04389667510986328
Coffee,4,5,9,10,LogisticRegression,HMM_GMM,9,"{'n_components': 5, 'n_mix': 1, 'covariance_type': 'diag'}",0.8716666666666667,0.8707096957498243,"{'C': 1.0, 'class_weight': None, 'dual': False, 'fit_intercept': True, 'intercept_scaling': 1, 'l1_ratio': None, 'max_iter': 100, 'multi_class': 'deprecated', 'n_jobs': None, 'penalty': 'l2', 'random_state': 42, 'solver': 'lbfgs', 'tol': 0.0001, 'verbose': 0, 'warm_start': False}",0.22494935989379883
Coffee,4,5,9,10,KNN,HMM_GMM,10,"{'n_components': 3, 'n_mix': 5, 'covariance_type': 'diag'}",0.835,0.8342668551638045,"{'algorithm': 'auto', 'leaf_size': 30, 'metric': 'minkowski', 'metric_params': None, 'n_jobs': None, 'n_neighbors': 5, 'p': 2, 'weights': 'uniform'}",0.04998040199279785
Coffee,4,5,9,10,RandomForest,HMM_GMM,10,"{'n_components': 3, 'n_mix': 5, 'covariance_type': 'diag'}",0.915,0.9147175138068319,"{'bootstrap': True, 'ccp_alpha': 0.0, 'class_weight': None, 'criterion': 'gini', 'max_depth': None, 'max_features': 'sqrt', 'max_leaf_nodes': None, 'max_samples': None, 'min_impurity_decrease': 0.0, 'min_samples_leaf': 1, 'min_samples_split': 2, 'min_weight_fraction_leaf': 0.0, 'monotonic_cst': None, 'n_estimators': 100, 'n_jobs': None, 'oob_score': False, 'random_state': 42, 'verbose': 0, 'warm_start': False}",0.7529406547546387
Coffee,4,5,9,10,LinearSVC,HMM_GMM,10,"{'n_components': 3, 'n_mix': 5, 'covariance_type': 'diag'}",0.925,0.9246770603622925,"{'C': 1.0, 'class_weight': None, 'dual': False, 'fit_intercept': True, 'intercept_scaling': 1, 'loss': 'squared_hinge', 'max_iter': 100, 'multi_class': 'ovr', 'penalty': 'l2', 'random_state': 42, 'tol': 0.0001, 'verbose': 0}",0.05211758613586426
Coffee,4,5,9,10,LogisticRegression,HMM_GMM,10,"{'n_components': 3, 'n_mix': 5, 'covariance_type': 'diag'}",0.9333333333333333,0.9331078590303163,"{'C': 1.0, 'class_weight': None, 'dual': False, 'fit_intercept': True, 'intercept_scaling': 1, 'l1_ratio': None, 'max_iter': 100, 'multi_class': 'deprecated', 'n_jobs': None, 'penalty': 'l2', 'random_state': 42, 'solver': 'lbfgs', 'tol': 0.0001, 'verbose': 0, 'warm_start': False}",0.16210269927978516
Coffee,4,5,10,1,KNN,Baseline,N/A,N/A,0.73,0.7131211231908224,"{'algorithm': 'auto', 'leaf_size': 30, 'metric': 'minkowski', 'metric_params': None, 'n_jobs': None, 'n_neighbors': 5, 'p': 2, 'weights': 'uniform'}",0.03235173225402832
Coffee,4,5,10,1,KNN,Tuned_Baseline,N/A,N/A,0.7233333333333334,0.7036208219439164,"{'algorithm': 'auto', 'leaf_size': 30, 'metric': 'minkowski', 'metric_params': None, 'n_jobs': None, 'n_neighbors': np.int64(5), 'p': 3, 'weights': 'distance'}",0.026639461517333984
Coffee,4,5,10,1,RandomForest,Baseline,N/A,N/A,0.8333333333333334,0.8335343095033018,"{'bootstrap': True, 'ccp_alpha': 0.0, 'class_weight': None, 'criterion': 'gini', 'max_depth': None, 'max_features': 'sqrt', 'max_leaf_nodes': None, 'max_samples': None, 'min_impurity_decrease': 0.0, 'min_samples_leaf': 1, 'min_samples_split': 2, 'min_weight_fraction_leaf': 0.0, 'monotonic_cst': None, 'n_estimators': 100, 'n_jobs': None, 'oob_score': False, 'random_state': 42, 'verbose': 0, 'warm_start': False}",0.4115421772003174
Coffee,4,5,10,1,RandomForest,Tuned_Baseline,N/A,N/A,0.8533333333333334,0.8571687324824969,"{'bootstrap': True, 'ccp_alpha': 0.0, 'class_weight': 'balanced', 'criterion': 'gini', 'max_depth': None, 'max_features': 'sqrt', 'max_leaf_nodes': None, 'max_samples': None, 'min_impurity_decrease': 0.0, 'min_samples_leaf': 1, 'min_samples_split': 5, 'min_weight_fraction_leaf': 0.0, 'monotonic_cst': None, 'n_estimators': 50, 'n_jobs': None, 'oob_score': False, 'random_state': 42, 'verbose': 0, 'warm_start': False}",0.0035042762756347656
Coffee,4,5,10,1,LinearSVC,Baseline,N/A,N/A,0.8416666666666667,0.8417053645939511,"{'C': 1.0, 'class_weight': None, 'dual': False, 'fit_intercept': True, 'intercept_scaling': 1, 'loss': 'squared_hinge', 'max_iter': 100, 'multi_class': 'ovr', 'penalty': 'l2', 'random_state': 42, 'tol': 0.0001, 'verbose': 0}",0.006496429443359375
Coffee,4,5,10,1,LinearSVC,Tuned_Baseline,N/A,N/A,0.84,0.8383437084892311,"{'C': np.float64(1.1288378916846884), 'class_weight': None, 'dual': False, 'fit_intercept': False, 'intercept_scaling': 1, 'loss': 'squared_hinge', 'max_iter': 100, 'multi_class': 'ovr', 'penalty': 'l2', 'random_state': 42, 'tol': 0.0001, 'verbose': 0}",0.000335693359375
Coffee,4,5,10,1,LogisticRegression,Baseline,N/A,N/A,0.9233333333333333,0.9237271605632672,"{'C': 1.0, 'class_weight': None, 'dual': False, 'fit_intercept': True, 'intercept_scaling': 1, 'l1_ratio': None, 'max_iter': 100, 'multi_class': 'deprecated', 'n_jobs': None, 'penalty': 'l2', 'random_state': 42, 'solver': 'lbfgs', 'tol': 0.0001, 'verbose': 0, 'warm_start': False}",0.19746112823486328
Coffee,4,5,10,1,LogisticRegression,Tuned_Baseline,N/A,N/A,0.7316666666666667,0.719960844082624,"{'C': np.float64(14.38449888287663), 'class_weight': 'balanced', 'dual': False, 'fit_intercept': False, 'intercept_scaling': 1, 'l1_ratio': None, 'max_iter': 100, 'multi_class': 'deprecated', 'n_jobs': None, 'penalty': 'l2', 'random_state': 42, 'solver': 'sag', 'tol': 0.0001, 'verbose': 0, 'warm_start': False}",0.00031113624572753906
Coffee,4,5,10,1,RNN,Tuned_Baseline,N/A,N/A,0.16666666666666666,0.047619047619047616,"{'hidden_size': 64, 'epochs': 10, 'batch_size': 32, 'lr': 0.001}",4.935264587402344e-05
Coffee,4,5,10,2,KNN,HMM_GMM,1,"{'n_components': 2, 'n_mix': 1, 'covariance_type': 'diag'}",0.7333333333333333,0.718302749924019,"{'algorithm': 'auto', 'leaf_size': 30, 'metric': 'euclidean', 'metric_params': None, 'n_jobs': None, 'n_neighbors': np.int64(9), 'p': 2, 'weights': 'distance'}",0.010607719421386719
Coffee,4,5,10,2,RandomForest,HMM_GMM,1,"{'n_components': 2, 'n_mix': 1, 'covariance_type': 'diag'}",0.8633333333333333,0.8699612028719533,"{'bootstrap': True, 'ccp_alpha': 0.0, 'class_weight': 'balanced', 'criterion': 'gini', 'max_depth': 20, 'max_features': 'sqrt', 'max_leaf_nodes': None, 'max_samples': None, 'min_impurity_decrease': 0.0, 'min_samples_leaf': 2, 'min_samples_split': 5, 'min_weight_fraction_leaf': 0.0, 'monotonic_cst': None, 'n_estimators': 50, 'n_jobs': None, 'oob_score': False, 'random_state': 42, 'verbose': 0, 'warm_start': False}",0.23047494888305664
Coffee,4,5,10,2,LinearSVC,HMM_GMM,1,"{'n_components': 2, 'n_mix': 1, 'covariance_type': 'diag'}",0.6783333333333333,0.6776120713389275,"{'C': np.float64(0.2069138081114788), 'class_weight': None, 'dual': False, 'fit_intercept': True, 'intercept_scaling': 1, 'loss': 'squared_hinge', 'max_iter': 100, 'multi_class': 'ovr', 'penalty': 'l2', 'random_state': 42, 'tol': 0.001, 'verbose': 0}",0.007420539855957031
Coffee,4,5,10,2,LogisticRegression,HMM_GMM,1,"{'n_components': 2, 'n_mix': 1, 'covariance_type': 'diag'}",0.6433333333333333,0.6283779044684117,"{'C': np.float64(183.29807108324337), 'class_weight': None, 'dual': False, 'fit_intercept': False, 'intercept_scaling': 1, 'l1_ratio': None, 'max_iter': 100, 'multi_class': 'deprecated', 'n_jobs': None, 'penalty': 'l2', 'random_state': 42, 'solver': 'sag', 'tol': 0.0001, 'verbose': 0, 'warm_start': False}",0.0285184383392334
Coffee,4,5,10,2,KNN,HMM_GMM,2,"{'n_components': 2, 'n_mix': 4, 'covariance_type': 'tied'}",0.7566666666666667,0.7463553510718142,"{'algorithm': 'auto', 'leaf_size': 30, 'metric': 'euclidean', 'metric_params': None, 'n_jobs': None, 'n_neighbors': np.int64(9), 'p': 2, 'weights': 'distance'}",0.010216236114501953
Coffee,4,5,10,2,RandomForest,HMM_GMM,2,"{'n_components': 2, 'n_mix': 4, 'covariance_type': 'tied'}",0.8566666666666667,0.8556201896785249,"{'bootstrap': True, 'ccp_alpha': 0.0, 'class_weight': 'balanced', 'criterion': 'gini', 'max_depth': None, 'max_features': 'sqrt', 'max_leaf_nodes': None, 'max_samples': None, 'min_impurity_decrease': 0.0, 'min_samples_leaf': 1, 'min_samples_split': 2, 'min_weight_fraction_leaf': 0.0, 'monotonic_cst': None, 'n_estimators': 50, 'n_jobs': None, 'oob_score': False, 'random_state': 42, 'verbose': 0, 'warm_start': False}",0.19379091262817383
Coffee,4,5,10,2,LinearSVC,HMM_GMM,2,"{'n_components': 2, 'n_mix': 4, 'covariance_type': 'tied'}",0.84,0.8403227922326122,"{'C': np.float64(1000.0), 'class_weight': 'balanced', 'dual': False, 'fit_intercept': True, 'intercept_scaling': 1, 'loss': 'squared_hinge', 'max_iter': 100, 'multi_class': 'ovr', 'penalty': 'l2', 'random_state': 42, 'tol': 0.001, 'verbose': 0}",0.011527538299560547
Coffee,4,5,10,2,LogisticRegression,HMM_GMM,2,"{'n_components': 2, 'n_mix': 4, 'covariance_type': 'tied'}",0.8316666666666667,0.8330325356369083,"{'C': np.float64(0.4832930238571752), 'class_weight': 'balanced', 'dual': False, 'fit_intercept': True, 'intercept_scaling': 1, 'l1_ratio': None, 'max_iter': 100, 'multi_class': 'deprecated', 'n_jobs': None, 'penalty': 'l1', 'random_state': 42, 'solver': 'saga', 'tol': 0.0001, 'verbose': 0, 'warm_start': False}",0.09446573257446289
Coffee,4,5,10,2,KNN,HMM_GMM,3,"{'n_components': 1, 'n_mix': 3, 'covariance_type': 'diag'}",0.7133333333333334,0.6940937991015376,"{'algorithm': 'auto', 'leaf_size': 30, 'metric': 'euclidean', 'metric_params': None, 'n_jobs': None, 'n_neighbors': np.int64(9), 'p': 2, 'weights': 'distance'}",0.012245416641235352
Coffee,4,5,10,2,RandomForest,HMM_GMM,3,"{'n_components': 1, 'n_mix': 3, 'covariance_type': 'diag'}",0.7983333333333333,0.795215842798743,"{'bootstrap': True, 'ccp_alpha': 0.0, 'class_weight': None, 'criterion': 'gini', 'max_depth': 30, 'max_features': 'sqrt', 'max_leaf_nodes': None, 'max_samples': None, 'min_impurity_decrease': 0.0, 'min_samples_leaf': 4, 'min_samples_split': 2, 'min_weight_fraction_leaf': 0.0, 'monotonic_cst': None, 'n_estimators': 50, 'n_jobs': None, 'oob_score': False, 'random_state': 42, 'verbose': 0, 'warm_start': False}",0.18952178955078125
Coffee,4,5,10,2,LinearSVC,HMM_GMM,3,"{'n_components': 1, 'n_mix': 3, 'covariance_type': 'diag'}",0.7066666666666667,0.7117836122626542,"{'C': np.float64(0.4832930238571752), 'class_weight': None, 'dual': False, 'fit_intercept': True, 'intercept_scaling': 1, 'loss': 'squared_hinge', 'max_iter': 100, 'multi_class': 'ovr', 'penalty': 'l1', 'random_state': 42, 'tol': 0.0001, 'verbose': 0}",0.01960897445678711
Coffee,4,5,10,2,LogisticRegression,HMM_GMM,3,"{'n_components': 1, 'n_mix': 3, 'covariance_type': 'diag'}",0.6433333333333333,0.6440070753005545,"{'C': np.float64(0.4832930238571752), 'class_weight': 'balanced', 'dual': False, 'fit_intercept': True, 'intercept_scaling': 1, 'l1_ratio': None, 'max_iter': 100, 'multi_class': 'deprecated', 'n_jobs': None, 'penalty': 'l1', 'random_state': 42, 'solver': 'saga', 'tol': 0.0001, 'verbose': 0, 'warm_start': False}",0.04665732383728027
Coffee,4,5,10,2,KNN,HMM_GMM,4,"{'n_components': 4, 'n_mix': 3, 'covariance_type': 'diag'}",0.75,0.7376743626743627,"{'algorithm': 'auto', 'leaf_size': 30, 'metric': 'euclidean', 'metric_params': None, 'n_jobs': None, 'n_neighbors': np.int64(9), 'p': 2, 'weights': 'distance'}",0.011931419372558594
Coffee,4,5,10,2,RandomForest,HMM_GMM,4,"{'n_components': 4, 'n_mix': 3, 'covariance_type': 'diag'}",0.8066666666666666,0.8035631426182873,"{'bootstrap': True, 'ccp_alpha': 0.0, 'class_weight': 'balanced', 'criterion': 'gini', 'max_depth': None, 'max_features': 'sqrt', 'max_leaf_nodes': None, 'max_samples': None, 'min_impurity_decrease': 0.0, 'min_samples_leaf': 1, 'min_samples_split': 2, 'min_weight_fraction_leaf': 0.0, 'monotonic_cst': None, 'n_estimators': 50, 'n_jobs': None, 'oob_score': False, 'random_state': 42, 'verbose': 0, 'warm_start': False}",0.18506193161010742
Coffee,4,5,10,2,LinearSVC,HMM_GMM,4,"{'n_components': 4, 'n_mix': 3, 'covariance_type': 'diag'}",0.905,0.9021625827513516,"{'C': np.float64(0.4832930238571752), 'class_weight': 'balanced', 'dual': False, 'fit_intercept': True, 'intercept_scaling': 1, 'loss': 'squared_hinge', 'max_iter': 100, 'multi_class': 'ovr', 'penalty': 'l1', 'random_state': 42, 'tol': 0.0001, 'verbose': 0}",0.025360584259033203
Coffee,4,5,10,2,LogisticRegression,HMM_GMM,4,"{'n_components': 4, 'n_mix': 3, 'covariance_type': 'diag'}",0.725,0.7300559777339962,"{'C': np.float64(0.4832930238571752), 'class_weight': 'balanced', 'dual': False, 'fit_intercept': True, 'intercept_scaling': 1, 'l1_ratio': None, 'max_iter': 100, 'multi_class': 'deprecated', 'n_jobs': None, 'penalty': 'l2', 'random_state': 42, 'solver': 'lbfgs', 'tol': 0.0001, 'verbose': 0, 'warm_start': False}",0.26151156425476074
Coffee,4,5,10,2,KNN,HMM_GMM,5,"{'n_components': 1, 'n_mix': 1, 'covariance_type': 'tied'}",0.7116666666666667,0.7038175735514005,"{'algorithm': 'auto', 'leaf_size': 30, 'metric': 'chebyshev', 'metric_params': None, 'n_jobs': None, 'n_neighbors': np.int64(5), 'p': 2, 'weights': 'uniform'}",0.026970624923706055
Coffee,4,5,10,2,RandomForest,HMM_GMM,5,"{'n_components': 1, 'n_mix': 1, 'covariance_type': 'tied'}",0.7216666666666667,0.7216496034595501,"{'bootstrap': True, 'ccp_alpha': 0.0, 'class_weight': 'balanced', 'criterion': 'gini', 'max_depth': 20, 'max_features': 'sqrt', 'max_leaf_nodes': None, 'max_samples': None, 'min_impurity_decrease': 0.0, 'min_samples_leaf': 2, 'min_samples_split': 10, 'min_weight_fraction_leaf': 0.0, 'monotonic_cst': None, 'n_estimators': 150, 'n_jobs': None, 'oob_score': False, 'random_state': 42, 'verbose': 0, 'warm_start': False}",0.6380622386932373
Coffee,4,5,10,2,LinearSVC,HMM_GMM,5,"{'n_components': 1, 'n_mix': 1, 'covariance_type': 'tied'}",0.86,0.8595544410700378,"{'C': np.float64(1000.0), 'class_weight': 'balanced', 'dual': False, 'fit_intercept': True, 'intercept_scaling': 1, 'loss': 'squared_hinge', 'max_iter': 100, 'multi_class': 'ovr', 'penalty': 'l2', 'random_state': 42, 'tol': 0.001, 'verbose': 0}",0.010934114456176758
Coffee,4,5,10,2,LogisticRegression,HMM_GMM,5,"{'n_components': 1, 'n_mix': 1, 'covariance_type': 'tied'}",0.9433333333333334,0.9432026437741801,"{'C': np.float64(0.2069138081114788), 'class_weight': 'balanced', 'dual': False, 'fit_intercept': True, 'intercept_scaling': 1, 'l1_ratio': None, 'max_iter': 100, 'multi_class': 'deprecated', 'n_jobs': None, 'penalty': 'l2', 'random_state': 42, 'solver': 'sag', 'tol': 0.0001, 'verbose': 0, 'warm_start': False}",0.02122664451599121
Coffee,4,5,10,2,KNN,HMM_GMM,6,"{'n_components': 4, 'n_mix': 3, 'covariance_type': 'diag'}",0.75,0.7376743626743627,"{'algorithm': 'auto', 'leaf_size': 30, 'metric': 'euclidean', 'metric_params': None, 'n_jobs': None, 'n_neighbors': np.int64(9), 'p': 2, 'weights': 'distance'}",0.024015188217163086
Coffee,4,5,10,2,RandomForest,HMM_GMM,6,"{'n_components': 4, 'n_mix': 3, 'covariance_type': 'diag'}",0.805,0.8018426301175833,"{'bootstrap': True, 'ccp_alpha': 0.0, 'class_weight': 'balanced', 'criterion': 'gini', 'max_depth': None, 'max_features': 'sqrt', 'max_leaf_nodes': None, 'max_samples': None, 'min_impurity_decrease': 0.0, 'min_samples_leaf': 1, 'min_samples_split': 2, 'min_weight_fraction_leaf': 0.0, 'monotonic_cst': None, 'n_estimators': 50, 'n_jobs': None, 'oob_score': False, 'random_state': 42, 'verbose': 0, 'warm_start': False}",0.19799375534057617
Coffee,4,5,10,2,LinearSVC,HMM_GMM,6,"{'n_components': 4, 'n_mix': 3, 'covariance_type': 'diag'}",0.905,0.9021625827513516,"{'C': np.float64(0.4832930238571752), 'class_weight': 'balanced', 'dual': False, 'fit_intercept': True, 'intercept_scaling': 1, 'loss': 'squared_hinge', 'max_iter': 100, 'multi_class': 'ovr', 'penalty': 'l1', 'random_state': 42, 'tol': 0.0001, 'verbose': 0}",0.02225518226623535
Coffee,4,5,10,2,LogisticRegression,HMM_GMM,6,"{'n_components': 4, 'n_mix': 3, 'covariance_type': 'diag'}",0.7283333333333334,0.733570779222088,"{'C': np.float64(0.4832930238571752), 'class_weight': 'balanced', 'dual': False, 'fit_intercept': True, 'intercept_scaling': 1, 'l1_ratio': None, 'max_iter': 100, 'multi_class': 'deprecated', 'n_jobs': None, 'penalty': 'l2', 'random_state': 42, 'solver': 'lbfgs', 'tol': 0.0001, 'verbose': 0, 'warm_start': False}",0.04770159721374512
Coffee,4,5,10,2,KNN,HMM_GMM,7,"{'n_components': 2, 'n_mix': 5, 'covariance_type': 'diag'}",0.7416666666666667,0.727056771740629,"{'algorithm': 'auto', 'leaf_size': 30, 'metric': 'euclidean', 'metric_params': None, 'n_jobs': None, 'n_neighbors': np.int64(9), 'p': 2, 'weights': 'distance'}",0.011492013931274414
Coffee,4,5,10,2,RandomForest,HMM_GMM,7,"{'n_components': 2, 'n_mix': 5, 'covariance_type': 'diag'}",0.8816666666666667,0.8833608874073483,"{'bootstrap': True, 'ccp_alpha': 0.0, 'class_weight': 'balanced', 'criterion': 'gini', 'max_depth': None, 'max_features': 'sqrt', 'max_leaf_nodes': None, 'max_samples': None, 'min_impurity_decrease': 0.0, 'min_samples_leaf': 4, 'min_samples_split': 2, 'min_weight_fraction_leaf': 0.0, 'monotonic_cst': None, 'n_estimators': 50, 'n_jobs': None, 'oob_score': False, 'random_state': 42, 'verbose': 0, 'warm_start': False}",0.17684197425842285
Coffee,4,5,10,2,LinearSVC,HMM_GMM,7,"{'n_components': 2, 'n_mix': 5, 'covariance_type': 'diag'}",0.91,0.9092417166875985,"{'C': np.float64(0.4832930238571752), 'class_weight': None, 'dual': False, 'fit_intercept': True, 'intercept_scaling': 1, 'loss': 'squared_hinge', 'max_iter': 100, 'multi_class': 'ovr', 'penalty': 'l1', 'random_state': 42, 'tol': 0.0001, 'verbose': 0}",0.021961212158203125
Coffee,4,5,10,2,LogisticRegression,HMM_GMM,7,"{'n_components': 2, 'n_mix': 5, 'covariance_type': 'diag'}",0.8883333333333333,0.8885959931173432,"{'C': np.float64(0.4832930238571752), 'class_weight': 'balanced', 'dual': False, 'fit_intercept': True, 'intercept_scaling': 1, 'l1_ratio': None, 'max_iter': 100, 'multi_class': 'deprecated', 'n_jobs': None, 'penalty': 'l1', 'random_state': 42, 'solver': 'saga', 'tol': 0.0001, 'verbose': 0, 'warm_start': False}",0.07575774192810059
Coffee,4,5,10,2,KNN,HMM_GMM,8,"{'n_components': 1, 'n_mix': 3, 'covariance_type': 'full'}",0.7033333333333334,0.6958641010552248,"{'algorithm': 'auto', 'leaf_size': 30, 'metric': 'chebyshev', 'metric_params': None, 'n_jobs': None, 'n_neighbors': np.int64(5), 'p': 2, 'weights': 'uniform'}",0.024173974990844727
Coffee,4,5,10,2,RandomForest,HMM_GMM,8,"{'n_components': 1, 'n_mix': 3, 'covariance_type': 'full'}",0.7566666666666667,0.7505152964537044,"{'bootstrap': True, 'ccp_alpha': 0.0, 'class_weight': 'balanced', 'criterion': 'gini', 'max_depth': 10, 'max_features': 'sqrt', 'max_leaf_nodes': None, 'max_samples': None, 'min_impurity_decrease': 0.0, 'min_samples_leaf': 1, 'min_samples_split': 5, 'min_weight_fraction_leaf': 0.0, 'monotonic_cst': None, 'n_estimators': 50, 'n_jobs': None, 'oob_score': False, 'random_state': 42, 'verbose': 0, 'warm_start': False}",0.1907970905303955
Coffee,4,5,10,2,LinearSVC,HMM_GMM,8,"{'n_components': 1, 'n_mix': 3, 'covariance_type': 'full'}",0.8916666666666667,0.8921267320064914,"{'C': np.float64(33.59818286283781), 'class_weight': 'balanced', 'dual': False, 'fit_intercept': True, 'intercept_scaling': 1, 'loss': 'squared_hinge', 'max_iter': 100, 'multi_class': 'ovr', 'penalty': 'l1', 'random_state': 42, 'tol': 0.001, 'verbose': 0}",0.02245163917541504
Coffee,4,5,10,2,LogisticRegression,HMM_GMM,8,"{'n_components': 1, 'n_mix': 3, 'covariance_type': 'full'}",0.8116666666666666,0.8133468737252272,"{'C': np.float64(0.4832930238571752), 'class_weight': 'balanced', 'dual': False, 'fit_intercept': True, 'intercept_scaling': 1, 'l1_ratio': None, 'max_iter': 100, 'multi_class': 'deprecated', 'n_jobs': None, 'penalty': 'l1', 'random_state': 42, 'solver': 'saga', 'tol': 0.0001, 'verbose': 0, 'warm_start': False}",0.11702895164489746
Coffee,4,5,10,2,KNN,HMM_GMM,9,"{'n_components': 5, 'n_mix': 1, 'covariance_type': 'diag'}",0.815,0.81613000946441,"{'algorithm': 'auto', 'leaf_size': 30, 'metric': 'euclidean', 'metric_params': None, 'n_jobs': None, 'n_neighbors': np.int64(9), 'p': 2, 'weights': 'distance'}",0.01021575927734375
Coffee,4,5,10,2,RandomForest,HMM_GMM,9,"{'n_components': 5, 'n_mix': 1, 'covariance_type': 'diag'}",0.8833333333333333,0.8885133982694958,"{'bootstrap': True, 'ccp_alpha': 0.0, 'class_weight': 'balanced', 'criterion': 'gini', 'max_depth': 10, 'max_features': 'sqrt', 'max_leaf_nodes': None, 'max_samples': None, 'min_impurity_decrease': 0.0, 'min_samples_leaf': 1, 'min_samples_split': 5, 'min_weight_fraction_leaf': 0.0, 'monotonic_cst': None, 'n_estimators': 50, 'n_jobs': None, 'oob_score': False, 'random_state': 42, 'verbose': 0, 'warm_start': False}",0.18460488319396973
Coffee,4,5,10,2,LinearSVC,HMM_GMM,9,"{'n_components': 5, 'n_mix': 1, 'covariance_type': 'diag'}",0.8633333333333333,0.8619254605833703,"{'C': np.float64(33.59818286283781), 'class_weight': 'balanced', 'dual': False, 'fit_intercept': True, 'intercept_scaling': 1, 'loss': 'squared_hinge', 'max_iter': 100, 'multi_class': 'ovr', 'penalty': 'l1', 'random_state': 42, 'tol': 0.0001, 'verbose': 0}",0.023634910583496094
Coffee,4,5,10,2,LogisticRegression,HMM_GMM,9,"{'n_components': 5, 'n_mix': 1, 'covariance_type': 'diag'}",0.9183333333333333,0.9182030097073702,"{'C': np.float64(0.4832930238571752), 'class_weight': 'balanced', 'dual': False, 'fit_intercept': True, 'intercept_scaling': 1, 'l1_ratio': None, 'max_iter': 100, 'multi_class': 'deprecated', 'n_jobs': None, 'penalty': 'l1', 'random_state': 42, 'solver': 'saga', 'tol': 0.0001, 'verbose': 0, 'warm_start': False}",0.0600428581237793
Coffee,4,5,10,2,KNN,HMM_GMM,10,"{'n_components': 3, 'n_mix': 5, 'covariance_type': 'diag'}",0.74,0.7243888636436734,"{'algorithm': 'auto', 'leaf_size': 30, 'metric': 'euclidean', 'metric_params': None, 'n_jobs': None, 'n_neighbors': np.int64(9), 'p': 2, 'weights': 'distance'}",0.010772228240966797
Coffee,4,5,10,2,RandomForest,HMM_GMM,10,"{'n_components': 3, 'n_mix': 5, 'covariance_type': 'diag'}",0.8916666666666667,0.8936926677420206,"{'bootstrap': True, 'ccp_alpha': 0.0, 'class_weight': None, 'criterion': 'gini', 'max_depth': 30, 'max_features': 'sqrt', 'max_leaf_nodes': None, 'max_samples': None, 'min_impurity_decrease': 0.0, 'min_samples_leaf': 4, 'min_samples_split': 2, 'min_weight_fraction_leaf': 0.0, 'monotonic_cst': None, 'n_estimators': 50, 'n_jobs': None, 'oob_score': False, 'random_state': 42, 'verbose': 0, 'warm_start': False}",0.1840205192565918
Coffee,4,5,10,2,LinearSVC,HMM_GMM,10,"{'n_components': 3, 'n_mix': 5, 'covariance_type': 'diag'}",0.9183333333333333,0.917235057099712,"{'C': np.float64(33.59818286283781), 'class_weight': 'balanced', 'dual': False, 'fit_intercept': True, 'intercept_scaling': 1, 'loss': 'squared_hinge', 'max_iter': 100, 'multi_class': 'ovr', 'penalty': 'l1', 'random_state': 42, 'tol': 0.001, 'verbose': 0}",0.022550582885742188
Coffee,4,5,10,2,LogisticRegression,HMM_GMM,10,"{'n_components': 3, 'n_mix': 5, 'covariance_type': 'diag'}",0.9033333333333333,0.9034867951559591,"{'C': np.float64(33.59818286283781), 'class_weight': 'balanced', 'dual': False, 'fit_intercept': True, 'intercept_scaling': 1, 'l1_ratio': None, 'max_iter': 100, 'multi_class': 'deprecated', 'n_jobs': None, 'penalty': 'l1', 'random_state': 42, 'solver': 'saga', 'tol': 0.0001, 'verbose': 0, 'warm_start': False}",0.0939180850982666
Coffee,4,5,10,3,KNN,HMM_GMM,1,"{'n_components': 2, 'n_mix': 1, 'covariance_type': 'diag'}",0.7116666666666667,0.6902513339257481,"{'algorithm': 'auto', 'leaf_size': 30, 'metric': 'minkowski', 'metric_params': None, 'n_jobs': None, 'n_neighbors': np.int64(13), 'p': 4, 'weights': 'distance'}",0.05312013626098633
Coffee,4,5,10,3,RandomForest,HMM_GMM,1,"{'n_components': 2, 'n_mix': 1, 'covariance_type': 'diag'}",0.845,0.8512729058542806,"{'bootstrap': True, 'ccp_alpha': 0.0, 'class_weight': 'balanced', 'criterion': 'gini', 'max_depth': 30, 'max_features': 'sqrt', 'max_leaf_nodes': None, 'max_samples': None, 'min_impurity_decrease': 0.0, 'min_samples_leaf': 1, 'min_samples_split': 2, 'min_weight_fraction_leaf': 0.0, 'monotonic_cst': None, 'n_estimators': 150, 'n_jobs': None, 'oob_score': False, 'random_state': 42, 'verbose': 0, 'warm_start': False}",0.7960915565490723
Coffee,4,5,10,3,LinearSVC,HMM_GMM,1,"{'n_components': 2, 'n_mix': 1, 'covariance_type': 'diag'}",0.6616666666666666,0.6554953771569956,"{'C': np.float64(2.6366508987303554), 'class_weight': 'balanced', 'dual': False, 'fit_intercept': True, 'intercept_scaling': 1, 'loss': 'squared_hinge', 'max_iter': 100, 'multi_class': 'ovr', 'penalty': 'l1', 'random_state': 42, 'tol': 0.0001, 'verbose': 0}",0.048925161361694336
Coffee,4,5,10,3,LogisticRegression,HMM_GMM,1,"{'n_components': 2, 'n_mix': 1, 'covariance_type': 'diag'}",0.66,0.6576951425872289,"{'C': np.float64(2.6366508987303554), 'class_weight': 'balanced', 'dual': False, 'fit_intercept': True, 'intercept_scaling': 1, 'l1_ratio': None, 'max_iter': 100, 'multi_class': 'deprecated', 'n_jobs': None, 'penalty': 'l1', 'random_state': 42, 'solver': 'saga', 'tol': 0.0001, 'verbose': 0, 'warm_start': False}",0.16404986381530762
Coffee,4,5,10,3,KNN,HMM_GMM,2,"{'n_components': 2, 'n_mix': 4, 'covariance_type': 'tied'}",0.7333333333333333,0.7174046807342417,"{'algorithm': 'auto', 'leaf_size': 30, 'metric': 'minkowski', 'metric_params': None, 'n_jobs': None, 'n_neighbors': np.int64(13), 'p': 4, 'weights': 'distance'}",0.03400564193725586
Coffee,4,5,10,3,RandomForest,HMM_GMM,2,"{'n_components': 2, 'n_mix': 4, 'covariance_type': 'tied'}",0.8166666666666667,0.8209963024355182,"{'bootstrap': True, 'ccp_alpha': 0.0, 'class_weight': 'balanced', 'criterion': 'gini', 'max_depth': 10, 'max_features': 'sqrt', 'max_leaf_nodes': None, 'max_samples': None, 'min_impurity_decrease': 0.0, 'min_samples_leaf': 1, 'min_samples_split': 5, 'min_weight_fraction_leaf': 0.0, 'monotonic_cst': None, 'n_estimators': 50, 'n_jobs': None, 'oob_score': False, 'random_state': 42, 'verbose': 0, 'warm_start': False}",0.19670605659484863
Coffee,4,5,10,3,LinearSVC,HMM_GMM,2,"{'n_components': 2, 'n_mix': 4, 'covariance_type': 'tied'}",0.9,0.9002216402861146,"{'C': np.float64(2.6366508987303554), 'class_weight': 'balanced', 'dual': False, 'fit_intercept': True, 'intercept_scaling': 1, 'loss': 'squared_hinge', 'max_iter': 100, 'multi_class': 'ovr', 'penalty': 'l1', 'random_state': 42, 'tol': 0.0001, 'verbose': 0}",0.08456683158874512
Coffee,4,5,10,3,LogisticRegression,HMM_GMM,2,"{'n_components': 2, 'n_mix': 4, 'covariance_type': 'tied'}",0.7716666666666666,0.77374520858185,"{'C': np.float64(2.6366508987303554), 'class_weight': 'balanced', 'dual': False, 'fit_intercept': True, 'intercept_scaling': 1, 'l1_ratio': None, 'max_iter': 100, 'multi_class': 'deprecated', 'n_jobs': None, 'penalty': 'l1', 'random_state': 42, 'solver': 'saga', 'tol': 0.0001, 'verbose': 0, 'warm_start': False}",0.14833664894104004
Coffee,4,5,10,3,KNN,HMM_GMM,3,"{'n_components': 1, 'n_mix': 3, 'covariance_type': 'diag'}",0.7083333333333334,0.6866145238651482,"{'algorithm': 'auto', 'leaf_size': 30, 'metric': 'minkowski', 'metric_params': None, 'n_jobs': None, 'n_neighbors': np.int64(13), 'p': 4, 'weights': 'distance'}",0.0525362491607666
Coffee,4,5,10,3,RandomForest,HMM_GMM,3,"{'n_components': 1, 'n_mix': 3, 'covariance_type': 'diag'}",0.8016666666666666,0.7995359034502705,"{'bootstrap': True, 'ccp_alpha': 0.0, 'class_weight': 'balanced', 'criterion': 'gini', 'max_depth': 20, 'max_features': 'sqrt', 'max_leaf_nodes': None, 'max_samples': None, 'min_impurity_decrease': 0.0, 'min_samples_leaf': 1, 'min_samples_split': 2, 'min_weight_fraction_leaf': 0.0, 'monotonic_cst': None, 'n_estimators': 50, 'n_jobs': None, 'oob_score': False, 'random_state': 42, 'verbose': 0, 'warm_start': False}",0.2162022590637207
Coffee,4,5,10,3,LinearSVC,HMM_GMM,3,"{'n_components': 1, 'n_mix': 3, 'covariance_type': 'diag'}",0.6833333333333333,0.684899861131258,"{'C': np.float64(2.6366508987303554), 'class_weight': 'balanced', 'dual': False, 'fit_intercept': True, 'intercept_scaling': 1, 'loss': 'squared_hinge', 'max_iter': 100, 'multi_class': 'ovr', 'penalty': 'l1', 'random_state': 42, 'tol': 0.0001, 'verbose': 0}",0.032628536224365234
Coffee,4,5,10,3,LogisticRegression,HMM_GMM,3,"{'n_components': 1, 'n_mix': 3, 'covariance_type': 'diag'}",0.6366666666666667,0.6351613562091503,"{'C': np.float64(33.59818286283781), 'class_weight': None, 'dual': False, 'fit_intercept': True, 'intercept_scaling': 1, 'l1_ratio': None, 'max_iter': 100, 'multi_class': 'deprecated', 'n_jobs': None, 'penalty': 'l2', 'random_state': 42, 'solver': 'saga', 'tol': 0.0001, 'verbose': 0, 'warm_start': False}",0.023806333541870117
Coffee,4,5,10,3,KNN,HMM_GMM,4,"{'n_components': 4, 'n_mix': 3, 'covariance_type': 'diag'}",0.7366666666666667,0.7203029605821232,"{'algorithm': 'auto', 'leaf_size': 30, 'metric': 'chebyshev', 'metric_params': None, 'n_jobs': None, 'n_neighbors': np.int64(5), 'p': 2, 'weights': 'uniform'}",0.025200843811035156
Coffee,4,5,10,3,RandomForest,HMM_GMM,4,"{'n_components': 4, 'n_mix': 3, 'covariance_type': 'diag'}",0.875,0.8750276578798476,"{'bootstrap': True, 'ccp_alpha': 0.0, 'class_weight': 'balanced', 'criterion': 'gini', 'max_depth': 10, 'max_features': 'sqrt', 'max_leaf_nodes': None, 'max_samples': None, 'min_impurity_decrease': 0.0, 'min_samples_leaf': 1, 'min_samples_split': 5, 'min_weight_fraction_leaf': 0.0, 'monotonic_cst': None, 'n_estimators': 50, 'n_jobs': None, 'oob_score': False, 'random_state': 42, 'verbose': 0, 'warm_start': False}",0.19031000137329102
Coffee,4,5,10,3,LinearSVC,HMM_GMM,4,"{'n_components': 4, 'n_mix': 3, 'covariance_type': 'diag'}",0.8883333333333333,0.8855642374038336,"{'C': np.float64(183.29807108324337), 'class_weight': 'balanced', 'dual': False, 'fit_intercept': True, 'intercept_scaling': 1, 'loss': 'squared_hinge', 'max_iter': 100, 'multi_class': 'ovr', 'penalty': 'l1', 'random_state': 42, 'tol': 0.0001, 'verbose': 0}",0.03235650062561035
Coffee,4,5,10,3,LogisticRegression,HMM_GMM,4,"{'n_components': 4, 'n_mix': 3, 'covariance_type': 'diag'}",0.7,0.7030615735069177,"{'C': np.float64(33.59818286283781), 'class_weight': None, 'dual': False, 'fit_intercept': True, 'intercept_scaling': 1, 'l1_ratio': None, 'max_iter': 100, 'multi_class': 'deprecated', 'n_jobs': None, 'penalty': 'l2', 'random_state': 42, 'solver': 'saga', 'tol': 0.0001, 'verbose': 0, 'warm_start': False}",0.07482147216796875
Coffee,4,5,10,3,KNN,HMM_GMM,5,"{'n_components': 1, 'n_mix': 1, 'covariance_type': 'tied'}",0.7216666666666667,0.7115086281432003,"{'algorithm': 'auto', 'leaf_size': 30, 'metric': 'euclidean', 'metric_params': None, 'n_jobs': None, 'n_neighbors': np.int64(9), 'p': 2, 'weights': 'distance'}",0.012623310089111328
Coffee,4,5,10,3,RandomForest,HMM_GMM,5,"{'n_components': 1, 'n_mix': 1, 'covariance_type': 'tied'}",0.7316666666666667,0.7309128846997538,"{'bootstrap': True, 'ccp_alpha': 0.0, 'class_weight': 'balanced', 'criterion': 'gini', 'max_depth': None, 'max_features': 'sqrt', 'max_leaf_nodes': None, 'max_samples': None, 'min_impurity_decrease': 0.0, 'min_samples_leaf': 1, 'min_samples_split': 2, 'min_weight_fraction_leaf': 0.0, 'monotonic_cst': None, 'n_estimators': 50, 'n_jobs': None, 'oob_score': False, 'random_state': 42, 'verbose': 0, 'warm_start': False}",0.2513275146484375
Coffee,4,5,10,3,LinearSVC,HMM_GMM,5,"{'n_components': 1, 'n_mix': 1, 'covariance_type': 'tied'}",0.8433333333333334,0.8414337123951835,"{'C': np.float64(1000.0), 'class_weight': 'balanced', 'dual': False, 'fit_intercept': True, 'intercept_scaling': 1, 'loss': 'squared_hinge', 'max_iter': 100, 'multi_class': 'ovr', 'penalty': 'l2', 'random_state': 42, 'tol': 0.001, 'verbose': 0}",0.016949176788330078
Coffee,4,5,10,3,LogisticRegression,HMM_GMM,5,"{'n_components': 1, 'n_mix': 1, 'covariance_type': 'tied'}",0.7716666666666666,0.7596314629352502,"{'C': np.float64(2.6366508987303554), 'class_weight': 'balanced', 'dual': False, 'fit_intercept': True, 'intercept_scaling': 1, 'l1_ratio': None, 'max_iter': 100, 'multi_class': 'deprecated', 'n_jobs': None, 'penalty': 'l1', 'random_state': 42, 'solver': 'saga', 'tol': 0.0001, 'verbose': 0, 'warm_start': False}",0.14623355865478516
Coffee,4,5,10,3,KNN,HMM_GMM,6,"{'n_components': 4, 'n_mix': 3, 'covariance_type': 'diag'}",0.7366666666666667,0.7203029605821232,"{'algorithm': 'auto', 'leaf_size': 30, 'metric': 'chebyshev', 'metric_params': None, 'n_jobs': None, 'n_neighbors': np.int64(5), 'p': 2, 'weights': 'uniform'}",0.03512859344482422
Coffee,4,5,10,3,RandomForest,HMM_GMM,6,"{'n_components': 4, 'n_mix': 3, 'covariance_type': 'diag'}",0.885,0.8856717721899144,"{'bootstrap': True, 'ccp_alpha': 0.0, 'class_weight': 'balanced', 'criterion': 'gini', 'max_depth': 10, 'max_features': 'sqrt', 'max_leaf_nodes': None, 'max_samples': None, 'min_impurity_decrease': 0.0, 'min_samples_leaf': 1, 'min_samples_split': 5, 'min_weight_fraction_leaf': 0.0, 'monotonic_cst': None, 'n_estimators': 50, 'n_jobs': None, 'oob_score': False, 'random_state': 42, 'verbose': 0, 'warm_start': False}",0.19654417037963867
Coffee,4,5,10,3,LinearSVC,HMM_GMM,6,"{'n_components': 4, 'n_mix': 3, 'covariance_type': 'diag'}",0.8883333333333333,0.8855642374038336,"{'C': np.float64(183.29807108324337), 'class_weight': 'balanced', 'dual': False, 'fit_intercept': True, 'intercept_scaling': 1, 'loss': 'squared_hinge', 'max_iter': 100, 'multi_class': 'ovr', 'penalty': 'l1', 'random_state': 42, 'tol': 0.0001, 'verbose': 0}",0.03288912773132324
Coffee,4,5,10,3,LogisticRegression,HMM_GMM,6,"{'n_components': 4, 'n_mix': 3, 'covariance_type': 'diag'}",0.7,0.7030615735069177,"{'C': np.float64(33.59818286283781), 'class_weight': None, 'dual': False, 'fit_intercept': True, 'intercept_scaling': 1, 'l1_ratio': None, 'max_iter': 100, 'multi_class': 'deprecated', 'n_jobs': None, 'penalty': 'l2', 'random_state': 42, 'solver': 'saga', 'tol': 0.0001, 'verbose': 0, 'warm_start': False}",0.07659673690795898
Coffee,4,5,10,3,KNN,HMM_GMM,7,"{'n_components': 2, 'n_mix': 5, 'covariance_type': 'diag'}",0.7416666666666667,0.727056771740629,"{'algorithm': 'auto', 'leaf_size': 30, 'metric': 'euclidean', 'metric_params': None, 'n_jobs': None, 'n_neighbors': np.int64(9), 'p': 2, 'weights': 'distance'}",0.013967037200927734
Coffee,4,5,10,3,RandomForest,HMM_GMM,7,"{'n_components': 2, 'n_mix': 5, 'covariance_type': 'diag'}",0.8666666666666667,0.8701723667203916,"{'bootstrap': True, 'ccp_alpha': 0.0, 'class_weight': 'balanced', 'criterion': 'gini', 'max_depth': None, 'max_features': 'sqrt', 'max_leaf_nodes': None, 'max_samples': None, 'min_impurity_decrease': 0.0, 'min_samples_leaf': 2, 'min_samples_split': 2, 'min_weight_fraction_leaf': 0.0, 'monotonic_cst': None, 'n_estimators': 150, 'n_jobs': None, 'oob_score': False, 'random_state': 42, 'verbose': 0, 'warm_start': False}",0.5711195468902588
Coffee,4,5,10,3,LinearSVC,HMM_GMM,7,"{'n_components': 2, 'n_mix': 5, 'covariance_type': 'diag'}",0.8916666666666667,0.8913731451745733,"{'C': np.float64(2.6366508987303554), 'class_weight': 'balanced', 'dual': False, 'fit_intercept': True, 'intercept_scaling': 1, 'loss': 'squared_hinge', 'max_iter': 100, 'multi_class': 'ovr', 'penalty': 'l1', 'random_state': 42, 'tol': 0.0001, 'verbose': 0}",0.03189349174499512
Coffee,4,5,10,3,LogisticRegression,HMM_GMM,7,"{'n_components': 2, 'n_mix': 5, 'covariance_type': 'diag'}",0.8716666666666667,0.8726338090702086,"{'C': np.float64(2.6366508987303554), 'class_weight': 'balanced', 'dual': False, 'fit_intercept': True, 'intercept_scaling': 1, 'l1_ratio': None, 'max_iter': 100, 'multi_class': 'deprecated', 'n_jobs': None, 'penalty': 'l1', 'random_state': 42, 'solver': 'saga', 'tol': 0.0001, 'verbose': 0, 'warm_start': False}",0.14135122299194336
Coffee,4,5,10,3,KNN,HMM_GMM,8,"{'n_components': 1, 'n_mix': 3, 'covariance_type': 'full'}",0.7083333333333334,0.7032166920234733,"{'algorithm': 'auto', 'leaf_size': 30, 'metric': 'minkowski', 'metric_params': None, 'n_jobs': None, 'n_neighbors': np.int64(13), 'p': 4, 'weights': 'distance'}",0.03152894973754883
Coffee,4,5,10,3,RandomForest,HMM_GMM,8,"{'n_components': 1, 'n_mix': 3, 'covariance_type': 'full'}",0.78,0.7777212145028236,"{'bootstrap': True, 'ccp_alpha': 0.0, 'class_weight': None, 'criterion': 'gini', 'max_depth': 20, 'max_features': 'sqrt', 'max_leaf_nodes': None, 'max_samples': None, 'min_impurity_decrease': 0.0, 'min_samples_leaf': 1, 'min_samples_split': 2, 'min_weight_fraction_leaf': 0.0, 'monotonic_cst': None, 'n_estimators': 100, 'n_jobs': None, 'oob_score': False, 'random_state': 42, 'verbose': 0, 'warm_start': False}",0.41310763359069824
Coffee,4,5,10,3,LinearSVC,HMM_GMM,8,"{'n_components': 1, 'n_mix': 3, 'covariance_type': 'full'}",0.8933333333333333,0.8937698090355972,"{'C': np.float64(33.59818286283781), 'class_weight': 'balanced', 'dual': False, 'fit_intercept': True, 'intercept_scaling': 1, 'loss': 'squared_hinge', 'max_iter': 100, 'multi_class': 'ovr', 'penalty': 'l1', 'random_state': 42, 'tol': 0.001, 'verbose': 0}",0.030477285385131836
Coffee,4,5,10,3,LogisticRegression,HMM_GMM,8,"{'n_components': 1, 'n_mix': 3, 'covariance_type': 'full'}",0.7483333333333333,0.747647298596626,"{'C': np.float64(1000.0), 'class_weight': 'balanced', 'dual': False, 'fit_intercept': True, 'intercept_scaling': 1, 'l1_ratio': None, 'max_iter': 100, 'multi_class': 'deprecated', 'n_jobs': None, 'penalty': 'l2', 'random_state': 42, 'solver': 'sag', 'tol': 0.0001, 'verbose': 0, 'warm_start': False}",0.09749031066894531
Coffee,4,5,10,3,KNN,HMM_GMM,9,"{'n_components': 5, 'n_mix': 1, 'covariance_type': 'diag'}",0.8,0.7981511017634452,"{'algorithm': 'auto', 'leaf_size': 30, 'metric': 'minkowski', 'metric_params': None, 'n_jobs': None, 'n_neighbors': np.int64(13), 'p': 4, 'weights': 'distance'}",0.03917837142944336
Coffee,4,5,10,3,RandomForest,HMM_GMM,9,"{'n_components': 5, 'n_mix': 1, 'covariance_type': 'diag'}",0.88,0.8838826278576019,"{'bootstrap': True, 'ccp_alpha': 0.0, 'class_weight': 'balanced', 'criterion': 'gini', 'max_depth': None, 'max_features': 'sqrt', 'max_leaf_nodes': None, 'max_samples': None, 'min_impurity_decrease': 0.0, 'min_samples_leaf': 1, 'min_samples_split': 2, 'min_weight_fraction_leaf': 0.0, 'monotonic_cst': None, 'n_estimators': 50, 'n_jobs': None, 'oob_score': False, 'random_state': 42, 'verbose': 0, 'warm_start': False}",0.2282116413116455
Coffee,4,5,10,3,LinearSVC,HMM_GMM,9,"{'n_components': 5, 'n_mix': 1, 'covariance_type': 'diag'}",0.79,0.786962962962963,"{'C': np.float64(0.4832930238571752), 'class_weight': 'balanced', 'dual': False, 'fit_intercept': True, 'intercept_scaling': 1, 'loss': 'squared_hinge', 'max_iter': 100, 'multi_class': 'ovr', 'penalty': 'l2', 'random_state': 42, 'tol': 0.0001, 'verbose': 0}",0.011611223220825195
Coffee,4,5,10,3,LogisticRegression,HMM_GMM,9,"{'n_components': 5, 'n_mix': 1, 'covariance_type': 'diag'}",0.905,0.9044287930469123,"{'C': np.float64(0.4832930238571752), 'class_weight': 'balanced', 'dual': False, 'fit_intercept': True, 'intercept_scaling': 1, 'l1_ratio': None, 'max_iter': 100, 'multi_class': 'deprecated', 'n_jobs': None, 'penalty': 'l1', 'random_state': 42, 'solver': 'saga', 'tol': 0.0001, 'verbose': 0, 'warm_start': False}",0.07523036003112793
Coffee,4,5,10,3,KNN,HMM_GMM,10,"{'n_components': 3, 'n_mix': 5, 'covariance_type': 'diag'}",0.7383333333333333,0.7228959562196482,"{'algorithm': 'auto', 'leaf_size': 30, 'metric': 'euclidean', 'metric_params': None, 'n_jobs': None, 'n_neighbors': np.int64(9), 'p': 2, 'weights': 'distance'}",0.01180720329284668
Coffee,4,5,10,3,RandomForest,HMM_GMM,10,"{'n_components': 3, 'n_mix': 5, 'covariance_type': 'diag'}",0.8466666666666667,0.8455355789646639,"{'bootstrap': True, 'ccp_alpha': 0.0, 'class_weight': 'balanced', 'criterion': 'gini', 'max_depth': 30, 'max_features': 'sqrt', 'max_leaf_nodes': None, 'max_samples': None, 'min_impurity_decrease': 0.0, 'min_samples_leaf': 1, 'min_samples_split': 2, 'min_weight_fraction_leaf': 0.0, 'monotonic_cst': None, 'n_estimators': 150, 'n_jobs': None, 'oob_score': False, 'random_state': 42, 'verbose': 0, 'warm_start': False}",0.5770483016967773
Coffee,4,5,10,3,LinearSVC,HMM_GMM,10,"{'n_components': 3, 'n_mix': 5, 'covariance_type': 'diag'}",0.9083333333333333,0.9063483633064611,"{'C': np.float64(33.59818286283781), 'class_weight': None, 'dual': False, 'fit_intercept': True, 'intercept_scaling': 1, 'loss': 'squared_hinge', 'max_iter': 100, 'multi_class': 'ovr', 'penalty': 'l1', 'random_state': 42, 'tol': 0.001, 'verbose': 0}",0.030854463577270508
Coffee,4,5,10,3,LogisticRegression,HMM_GMM,10,"{'n_components': 3, 'n_mix': 5, 'covariance_type': 'diag'}",0.9233333333333333,0.9232958245161421,"{'C': np.float64(183.29807108324337), 'class_weight': 'balanced', 'dual': False, 'fit_intercept': True, 'intercept_scaling': 1, 'l1_ratio': None, 'max_iter': 100, 'multi_class': 'deprecated', 'n_jobs': None, 'penalty': 'l1', 'random_state': 42, 'solver': 'saga', 'tol': 0.0001, 'verbose': 0, 'warm_start': False}",0.08001279830932617
Coffee,4,5,10,5,KNN,HMM_GMM,1,"{'n_components': 2, 'n_mix': 1, 'covariance_type': 'diag'}",0.72,0.7000229527174021,"{'algorithm': 'auto', 'leaf_size': 30, 'metric': 'minkowski', 'metric_params': None, 'n_jobs': None, 'n_neighbors': np.int64(5), 'p': 3, 'weights': 'distance'}",0.05836915969848633
Coffee,4,5,10,5,RandomForest,HMM_GMM,1,"{'n_components': 2, 'n_mix': 1, 'covariance_type': 'diag'}",0.8316666666666667,0.8370522621170068,"{'bootstrap': True, 'ccp_alpha': 0.0, 'class_weight': 'balanced', 'criterion': 'gini', 'max_depth': 10, 'max_features': 'sqrt', 'max_leaf_nodes': None, 'max_samples': None, 'min_impurity_decrease': 0.0, 'min_samples_leaf': 1, 'min_samples_split': 5, 'min_weight_fraction_leaf': 0.0, 'monotonic_cst': None, 'n_estimators': 50, 'n_jobs': None, 'oob_score': False, 'random_state': 42, 'verbose': 0, 'warm_start': False}",0.2553286552429199
Coffee,4,5,10,5,LinearSVC,HMM_GMM,1,"{'n_components': 2, 'n_mix': 1, 'covariance_type': 'diag'}",0.6583333333333333,0.6495035725345988,"{'C': np.float64(33.59818286283781), 'class_weight': None, 'dual': False, 'fit_intercept': True, 'intercept_scaling': 1, 'loss': 'squared_hinge', 'max_iter': 100, 'multi_class': 'ovr', 'penalty': 'l1', 'random_state': 42, 'tol': 0.001, 'verbose': 0}",0.020871877670288086
Coffee,4,5,10,5,LogisticRegression,HMM_GMM,1,"{'n_components': 2, 'n_mix': 1, 'covariance_type': 'diag'}",0.6583333333333333,0.6563867683821736,"{'C': np.float64(33.59818286283781), 'class_weight': 'balanced', 'dual': False, 'fit_intercept': True, 'intercept_scaling': 1, 'l1_ratio': None, 'max_iter': 100, 'multi_class': 'deprecated', 'n_jobs': None, 'penalty': 'l2', 'random_state': 42, 'solver': 'saga', 'tol': 0.0001, 'verbose': 0, 'warm_start': False}",0.0327906608581543
Coffee,4,5,10,5,KNN,HMM_GMM,2,"{'n_components': 2, 'n_mix': 4, 'covariance_type': 'tied'}",0.7466666666666667,0.733454205436964,"{'algorithm': 'auto', 'leaf_size': 30, 'metric': 'minkowski', 'metric_params': None, 'n_jobs': None, 'n_neighbors': np.int64(5), 'p': 3, 'weights': 'distance'}",0.04268050193786621
Coffee,4,5,10,5,RandomForest,HMM_GMM,2,"{'n_components': 2, 'n_mix': 4, 'covariance_type': 'tied'}",0.8583333333333333,0.8572086074063741,"{'bootstrap': True, 'ccp_alpha': 0.0, 'class_weight': 'balanced', 'criterion': 'gini', 'max_depth': None, 'max_features': 'sqrt', 'max_leaf_nodes': None, 'max_samples': None, 'min_impurity_decrease': 0.0, 'min_samples_leaf': 1, 'min_samples_split': 2, 'min_weight_fraction_leaf': 0.0, 'monotonic_cst': None, 'n_estimators': 50, 'n_jobs': None, 'oob_score': False, 'random_state': 42, 'verbose': 0, 'warm_start': False}",0.24388623237609863
Coffee,4,5,10,5,LinearSVC,HMM_GMM,2,"{'n_components': 2, 'n_mix': 4, 'covariance_type': 'tied'}",0.8916666666666667,0.8917129526035322,"{'C': np.float64(33.59818286283781), 'class_weight': None, 'dual': False, 'fit_intercept': True, 'intercept_scaling': 1, 'loss': 'squared_hinge', 'max_iter': 100, 'multi_class': 'ovr', 'penalty': 'l1', 'random_state': 42, 'tol': 0.001, 'verbose': 0}",0.06097841262817383
Coffee,4,5,10,5,LogisticRegression,HMM_GMM,2,"{'n_components': 2, 'n_mix': 4, 'covariance_type': 'tied'}",0.7666666666666667,0.7686883626611987,"{'C': np.float64(33.59818286283781), 'class_weight': None, 'dual': False, 'fit_intercept': True, 'intercept_scaling': 1, 'l1_ratio': None, 'max_iter': 100, 'multi_class': 'deprecated', 'n_jobs': None, 'penalty': 'l2', 'random_state': 42, 'solver': 'saga', 'tol': 0.0001, 'verbose': 0, 'warm_start': False}",0.18429255485534668
Coffee,4,5,10,5,KNN,HMM_GMM,3,"{'n_components': 1, 'n_mix': 3, 'covariance_type': 'diag'}",0.7133333333333334,0.6948898668443619,"{'algorithm': 'auto', 'leaf_size': 30, 'metric': 'euclidean', 'metric_params': None, 'n_jobs': None, 'n_neighbors': np.int64(15), 'p': 2, 'weights': 'distance'}",0.01920008659362793
Coffee,4,5,10,5,RandomForest,HMM_GMM,3,"{'n_components': 1, 'n_mix': 3, 'covariance_type': 'diag'}",0.78,0.7723024030383636,"{'bootstrap': True, 'ccp_alpha': 0.0, 'class_weight': 'balanced', 'criterion': 'gini', 'max_depth': None, 'max_features': 'sqrt', 'max_leaf_nodes': None, 'max_samples': None, 'min_impurity_decrease': 0.0, 'min_samples_leaf': 1, 'min_samples_split': 2, 'min_weight_fraction_leaf': 0.0, 'monotonic_cst': None, 'n_estimators': 50, 'n_jobs': None, 'oob_score': False, 'random_state': 42, 'verbose': 0, 'warm_start': False}",0.2583169937133789
Coffee,4,5,10,5,LinearSVC,HMM_GMM,3,"{'n_components': 1, 'n_mix': 3, 'covariance_type': 'diag'}",0.7683333333333333,0.7809597079523212,"{'C': np.float64(183.29807108324337), 'class_weight': None, 'dual': False, 'fit_intercept': False, 'intercept_scaling': 1, 'loss': 'squared_hinge', 'max_iter': 100, 'multi_class': 'ovr', 'penalty': 'l2', 'random_state': 42, 'tol': 0.001, 'verbose': 0}",0.014263391494750977
Coffee,4,5,10,5,LogisticRegression,HMM_GMM,3,"{'n_components': 1, 'n_mix': 3, 'covariance_type': 'diag'}",0.635,0.6330802919038213,"{'C': np.float64(6.1584821106602545), 'class_weight': None, 'dual': False, 'fit_intercept': True, 'intercept_scaling': 1, 'l1_ratio': None, 'max_iter': 100, 'multi_class': 'deprecated', 'n_jobs': None, 'penalty': 'l2', 'random_state': 42, 'solver': 'lbfgs', 'tol': 0.0001, 'verbose': 0, 'warm_start': False}",0.07304143905639648
Coffee,4,5,10,5,KNN,HMM_GMM,4,"{'n_components': 4, 'n_mix': 3, 'covariance_type': 'diag'}",0.7383333333333333,0.7254832531858404,"{'algorithm': 'auto', 'leaf_size': 30, 'metric': 'euclidean', 'metric_params': None, 'n_jobs': None, 'n_neighbors': np.int64(15), 'p': 2, 'weights': 'distance'}",0.020396947860717773
Coffee,4,5,10,5,RandomForest,HMM_GMM,4,"{'n_components': 4, 'n_mix': 3, 'covariance_type': 'diag'}",0.88,0.881725268807712,"{'bootstrap': True, 'ccp_alpha': 0.0, 'class_weight': 'balanced', 'criterion': 'gini', 'max_depth': 10, 'max_features': 'sqrt', 'max_leaf_nodes': None, 'max_samples': None, 'min_impurity_decrease': 0.0, 'min_samples_leaf': 1, 'min_samples_split': 5, 'min_weight_fraction_leaf': 0.0, 'monotonic_cst': None, 'n_estimators': 50, 'n_jobs': None, 'oob_score': False, 'random_state': 42, 'verbose': 0, 'warm_start': False}",0.24329137802124023
Coffee,4,5,10,5,LinearSVC,HMM_GMM,4,"{'n_components': 4, 'n_mix': 3, 'covariance_type': 'diag'}",0.8483333333333334,0.8478129792647674,"{'C': np.float64(0.4832930238571752), 'class_weight': None, 'dual': False, 'fit_intercept': True, 'intercept_scaling': 1, 'loss': 'squared_hinge', 'max_iter': 100, 'multi_class': 'ovr', 'penalty': 'l1', 'random_state': 42, 'tol': 0.0001, 'verbose': 0}",0.05070090293884277
Coffee,4,5,10,5,LogisticRegression,HMM_GMM,4,"{'n_components': 4, 'n_mix': 3, 'covariance_type': 'diag'}",0.675,0.6753340009040534,"{'C': np.float64(0.4832930238571752), 'class_weight': None, 'dual': False, 'fit_intercept': True, 'intercept_scaling': 1, 'l1_ratio': None, 'max_iter': 100, 'multi_class': 'deprecated', 'n_jobs': None, 'penalty': 'l1', 'random_state': 42, 'solver': 'saga', 'tol': 0.0001, 'verbose': 0, 'warm_start': False}",0.19846487045288086
Coffee,4,5,10,5,KNN,HMM_GMM,5,"{'n_components': 1, 'n_mix': 1, 'covariance_type': 'tied'}",0.6966666666666667,0.6844426152167941,"{'algorithm': 'auto', 'leaf_size': 30, 'metric': 'minkowski', 'metric_params': None, 'n_jobs': None, 'n_neighbors': np.int64(13), 'p': 4, 'weights': 'distance'}",0.12525105476379395
Coffee,4,5,10,5,RandomForest,HMM_GMM,5,"{'n_components': 1, 'n_mix': 1, 'covariance_type': 'tied'}",0.7016666666666667,0.6879820199025029,"{'bootstrap': True, 'ccp_alpha': 0.0, 'class_weight': 'balanced', 'criterion': 'gini', 'max_depth': 30, 'max_features': 'sqrt', 'max_leaf_nodes': None, 'max_samples': None, 'min_impurity_decrease': 0.0, 'min_samples_leaf': 1, 'min_samples_split': 2, 'min_weight_fraction_leaf': 0.0, 'monotonic_cst': None, 'n_estimators': 150, 'n_jobs': None, 'oob_score': False, 'random_state': 42, 'verbose': 0, 'warm_start': False}",0.7859277725219727
Coffee,4,5,10,5,LinearSVC,HMM_GMM,5,"{'n_components': 1, 'n_mix': 1, 'covariance_type': 'tied'}",0.8783333333333333,0.8772344743291339,"{'C': np.float64(0.2069138081114788), 'class_weight': None, 'dual': False, 'fit_intercept': True, 'intercept_scaling': 1, 'loss': 'squared_hinge', 'max_iter': 100, 'multi_class': 'ovr', 'penalty': 'l2', 'random_state': 42, 'tol': 0.001, 'verbose': 0}",0.0243070125579834
Coffee,4,5,10,5,LogisticRegression,HMM_GMM,5,"{'n_components': 1, 'n_mix': 1, 'covariance_type': 'tied'}",0.7633333333333333,0.7470910973084887,"{'C': np.float64(2.6366508987303554), 'class_weight': 'balanced', 'dual': False, 'fit_intercept': True, 'intercept_scaling': 1, 'l1_ratio': None, 'max_iter': 100, 'multi_class': 'deprecated', 'n_jobs': None, 'penalty': 'l1', 'random_state': 42, 'solver': 'saga', 'tol': 0.0001, 'verbose': 0, 'warm_start': False}",0.2713606357574463
Coffee,4,5,10,5,KNN,HMM_GMM,6,"{'n_components': 4, 'n_mix': 3, 'covariance_type': 'diag'}",0.7383333333333333,0.7254832531858404,"{'algorithm': 'auto', 'leaf_size': 30, 'metric': 'euclidean', 'metric_params': None, 'n_jobs': None, 'n_neighbors': np.int64(15), 'p': 2, 'weights': 'distance'}",0.01826643943786621
Coffee,4,5,10,5,RandomForest,HMM_GMM,6,"{'n_components': 4, 'n_mix': 3, 'covariance_type': 'diag'}",0.8783333333333333,0.8795438142146659,"{'bootstrap': True, 'ccp_alpha': 0.0, 'class_weight': 'balanced', 'criterion': 'gini', 'max_depth': 10, 'max_features': 'sqrt', 'max_leaf_nodes': None, 'max_samples': None, 'min_impurity_decrease': 0.0, 'min_samples_leaf': 1, 'min_samples_split': 5, 'min_weight_fraction_leaf': 0.0, 'monotonic_cst': None, 'n_estimators': 50, 'n_jobs': None, 'oob_score': False, 'random_state': 42, 'verbose': 0, 'warm_start': False}",0.25899577140808105
Coffee,4,5,10,5,LinearSVC,HMM_GMM,6,"{'n_components': 4, 'n_mix': 3, 'covariance_type': 'diag'}",0.85,0.8493167673962358,"{'C': np.float64(0.4832930238571752), 'class_weight': None, 'dual': False, 'fit_intercept': True, 'intercept_scaling': 1, 'loss': 'squared_hinge', 'max_iter': 100, 'multi_class': 'ovr', 'penalty': 'l1', 'random_state': 42, 'tol': 0.0001, 'verbose': 0}",0.05559825897216797
Coffee,4,5,10,5,LogisticRegression,HMM_GMM,6,"{'n_components': 4, 'n_mix': 3, 'covariance_type': 'diag'}",0.675,0.6753340009040534,"{'C': np.float64(0.4832930238571752), 'class_weight': None, 'dual': False, 'fit_intercept': True, 'intercept_scaling': 1, 'l1_ratio': None, 'max_iter': 100, 'multi_class': 'deprecated', 'n_jobs': None, 'penalty': 'l1', 'random_state': 42, 'solver': 'saga', 'tol': 0.0001, 'verbose': 0, 'warm_start': False}",0.21374750137329102
Coffee,4,5,10,5,KNN,HMM_GMM,7,"{'n_components': 2, 'n_mix': 5, 'covariance_type': 'diag'}",0.72,0.6996279006101997,"{'algorithm': 'auto', 'leaf_size': 30, 'metric': 'minkowski', 'metric_params': None, 'n_jobs': None, 'n_neighbors': np.int64(5), 'p': 3, 'weights': 'distance'}",0.05162477493286133
Coffee,4,5,10,5,RandomForest,HMM_GMM,7,"{'n_components': 2, 'n_mix': 5, 'covariance_type': 'diag'}",0.84,0.8437237907665417,"{'bootstrap': True, 'ccp_alpha': 0.0, 'class_weight': 'balanced', 'criterion': 'gini', 'max_depth': None, 'max_features': 'sqrt', 'max_leaf_nodes': None, 'max_samples': None, 'min_impurity_decrease': 0.0, 'min_samples_leaf': 2, 'min_samples_split': 2, 'min_weight_fraction_leaf': 0.0, 'monotonic_cst': None, 'n_estimators': 150, 'n_jobs': None, 'oob_score': False, 'random_state': 42, 'verbose': 0, 'warm_start': False}",0.7677280902862549
Coffee,4,5,10,5,LinearSVC,HMM_GMM,7,"{'n_components': 2, 'n_mix': 5, 'covariance_type': 'diag'}",0.865,0.8647214903527818,"{'C': np.float64(2.6366508987303554), 'class_weight': 'balanced', 'dual': False, 'fit_intercept': True, 'intercept_scaling': 1, 'loss': 'squared_hinge', 'max_iter': 100, 'multi_class': 'ovr', 'penalty': 'l1', 'random_state': 42, 'tol': 0.0001, 'verbose': 0}",0.05874228477478027
Coffee,4,5,10,5,LogisticRegression,HMM_GMM,7,"{'n_components': 2, 'n_mix': 5, 'covariance_type': 'diag'}",0.8316666666666667,0.8318827721156726,"{'C': np.float64(183.29807108324337), 'class_weight': None, 'dual': False, 'fit_intercept': True, 'intercept_scaling': 1, 'l1_ratio': None, 'max_iter': 100, 'multi_class': 'deprecated', 'n_jobs': None, 'penalty': 'l2', 'random_state': 42, 'solver': 'saga', 'tol': 0.0001, 'verbose': 0, 'warm_start': False}",0.03966045379638672
Coffee,4,5,10,5,KNN,HMM_GMM,8,"{'n_components': 1, 'n_mix': 3, 'covariance_type': 'full'}",0.705,0.6956085429396266,"{'algorithm': 'auto', 'leaf_size': 30, 'metric': 'minkowski', 'metric_params': None, 'n_jobs': None, 'n_neighbors': np.int64(5), 'p': 3, 'weights': 'distance'}",0.04523205757141113
Coffee,4,5,10,5,RandomForest,HMM_GMM,8,"{'n_components': 1, 'n_mix': 3, 'covariance_type': 'full'}",0.785,0.7841427457246667,"{'bootstrap': True, 'ccp_alpha': 0.0, 'class_weight': None, 'criterion': 'gini', 'max_depth': None, 'max_features': 'sqrt', 'max_leaf_nodes': None, 'max_samples': None, 'min_impurity_decrease': 0.0, 'min_samples_leaf': 4, 'min_samples_split': 2, 'min_weight_fraction_leaf': 0.0, 'monotonic_cst': None, 'n_estimators': 50, 'n_jobs': None, 'oob_score': False, 'random_state': 42, 'verbose': 0, 'warm_start': False}",0.2679424285888672
Coffee,4,5,10,5,LinearSVC,HMM_GMM,8,"{'n_components': 1, 'n_mix': 3, 'covariance_type': 'full'}",0.8966666666666666,0.8970789667166643,"{'C': np.float64(183.29807108324337), 'class_weight': None, 'dual': False, 'fit_intercept': True, 'intercept_scaling': 1, 'loss': 'squared_hinge', 'max_iter': 100, 'multi_class': 'ovr', 'penalty': 'l1', 'random_state': 42, 'tol': 0.001, 'verbose': 0}",0.05524039268493652
Coffee,4,5,10,5,LogisticRegression,HMM_GMM,8,"{'n_components': 1, 'n_mix': 3, 'covariance_type': 'full'}",0.895,0.8955571285414218,"{'C': np.float64(0.2069138081114788), 'class_weight': None, 'dual': False, 'fit_intercept': True, 'intercept_scaling': 1, 'l1_ratio': None, 'max_iter': 100, 'multi_class': 'deprecated', 'n_jobs': None, 'penalty': 'l2', 'random_state': 42, 'solver': 'sag', 'tol': 0.0001, 'verbose': 0, 'warm_start': False}",0.04968667030334473
Coffee,4,5,10,5,KNN,HMM_GMM,9,"{'n_components': 5, 'n_mix': 1, 'covariance_type': 'diag'}",0.8,0.7981511017634452,"{'algorithm': 'auto', 'leaf_size': 30, 'metric': 'minkowski', 'metric_params': None, 'n_jobs': None, 'n_neighbors': np.int64(13), 'p': 4, 'weights': 'distance'}",0.06034994125366211
Coffee,4,5,10,5,RandomForest,HMM_GMM,9,"{'n_components': 5, 'n_mix': 1, 'covariance_type': 'diag'}",0.8633333333333333,0.8669574651970644,"{'bootstrap': True, 'ccp_alpha': 0.0, 'class_weight': None, 'criterion': 'gini', 'max_depth': None, 'max_features': 'sqrt', 'max_leaf_nodes': None, 'max_samples': None, 'min_impurity_decrease': 0.0, 'min_samples_leaf': 4, 'min_samples_split': 10, 'min_weight_fraction_leaf': 0.0, 'monotonic_cst': None, 'n_estimators': 50, 'n_jobs': None, 'oob_score': False, 'random_state': 42, 'verbose': 0, 'warm_start': False}",0.26671266555786133
Coffee,4,5,10,5,LinearSVC,HMM_GMM,9,"{'n_components': 5, 'n_mix': 1, 'covariance_type': 'diag'}",0.705,0.6991103661784596,"{'C': np.float64(2.6366508987303554), 'class_weight': 'balanced', 'dual': False, 'fit_intercept': True, 'intercept_scaling': 1, 'loss': 'squared_hinge', 'max_iter': 100, 'multi_class': 'ovr', 'penalty': 'l1', 'random_state': 42, 'tol': 0.0001, 'verbose': 0}",0.05678582191467285
Coffee,4,5,10,5,LogisticRegression,HMM_GMM,9,"{'n_components': 5, 'n_mix': 1, 'covariance_type': 'diag'}",0.8666666666666667,0.8663977320842595,"{'C': np.float64(0.4832930238571752), 'class_weight': None, 'dual': False, 'fit_intercept': True, 'intercept_scaling': 1, 'l1_ratio': None, 'max_iter': 100, 'multi_class': 'deprecated', 'n_jobs': None, 'penalty': 'l1', 'random_state': 42, 'solver': 'saga', 'tol': 0.0001, 'verbose': 0, 'warm_start': False}",0.11683225631713867
Coffee,4,5,10,5,KNN,HMM_GMM,10,"{'n_components': 3, 'n_mix': 5, 'covariance_type': 'diag'}",0.73,0.7113794130634671,"{'algorithm': 'auto', 'leaf_size': 30, 'metric': 'minkowski', 'metric_params': None, 'n_jobs': None, 'n_neighbors': np.int64(5), 'p': 3, 'weights': 'distance'}",0.051361799240112305
Coffee,4,5,10,5,RandomForest,HMM_GMM,10,"{'n_components': 3, 'n_mix': 5, 'covariance_type': 'diag'}",0.8416666666666667,0.8407320237867397,"{'bootstrap': True, 'ccp_alpha': 0.0, 'class_weight': 'balanced', 'criterion': 'gini', 'max_depth': None, 'max_features': 'sqrt', 'max_leaf_nodes': None, 'max_samples': None, 'min_impurity_decrease': 0.0, 'min_samples_leaf': 2, 'min_samples_split': 2, 'min_weight_fraction_leaf': 0.0, 'monotonic_cst': None, 'n_estimators': 150, 'n_jobs': None, 'oob_score': False, 'random_state': 42, 'verbose': 0, 'warm_start': False}",0.7897453308105469
Coffee,4,5,10,5,LinearSVC,HMM_GMM,10,"{'n_components': 3, 'n_mix': 5, 'covariance_type': 'diag'}",0.9,0.8972783032412371,"{'C': np.float64(0.2069138081114788), 'class_weight': None, 'dual': False, 'fit_intercept': True, 'intercept_scaling': 1, 'loss': 'squared_hinge', 'max_iter': 100, 'multi_class': 'ovr', 'penalty': 'l2', 'random_state': 42, 'tol': 0.001, 'verbose': 0}",0.02019023895263672
Coffee,4,5,10,5,LogisticRegression,HMM_GMM,10,"{'n_components': 3, 'n_mix': 5, 'covariance_type': 'diag'}",0.9166666666666666,0.9165468641066928,"{'C': np.float64(33.59818286283781), 'class_weight': 'balanced', 'dual': False, 'fit_intercept': True, 'intercept_scaling': 1, 'l1_ratio': None, 'max_iter': 100, 'multi_class': 'deprecated', 'n_jobs': None, 'penalty': 'l1', 'random_state': 42, 'solver': 'saga', 'tol': 0.0001, 'verbose': 0, 'warm_start': False}",0.0953214168548584
Coffee,4,5,10,10,KNN,HMM_GMM,1,"{'n_components': 2, 'n_mix': 1, 'covariance_type': 'diag'}",0.7266666666666667,0.7108054299142326,"{'algorithm': 'auto', 'leaf_size': 30, 'metric': 'minkowski', 'metric_params': None, 'n_jobs': None, 'n_neighbors': 5, 'p': 2, 'weights': 'uniform'}",0.05248880386352539
Coffee,4,5,10,10,RandomForest,HMM_GMM,1,"{'n_components': 2, 'n_mix': 1, 'covariance_type': 'diag'}",0.84,0.8461329723335101,"{'bootstrap': True, 'ccp_alpha': 0.0, 'class_weight': None, 'criterion': 'gini', 'max_depth': None, 'max_features': 'sqrt', 'max_leaf_nodes': None, 'max_samples': None, 'min_impurity_decrease': 0.0, 'min_samples_leaf': 1, 'min_samples_split': 2, 'min_weight_fraction_leaf': 0.0, 'monotonic_cst': None, 'n_estimators': 100, 'n_jobs': None, 'oob_score': False, 'random_state': 42, 'verbose': 0, 'warm_start': False}",0.799699068069458
Coffee,4,5,10,10,LinearSVC,HMM_GMM,1,"{'n_components': 2, 'n_mix': 1, 'covariance_type': 'diag'}",0.6666666666666666,0.6609495125891618,"{'C': 1.0, 'class_weight': None, 'dual': False, 'fit_intercept': True, 'intercept_scaling': 1, 'loss': 'squared_hinge', 'max_iter': 100, 'multi_class': 'ovr', 'penalty': 'l2', 'random_state': 42, 'tol': 0.0001, 'verbose': 0}",0.03958392143249512
Coffee,4,5,10,10,LogisticRegression,HMM_GMM,1,"{'n_components': 2, 'n_mix': 1, 'covariance_type': 'diag'}",0.6666666666666666,0.667323300814384,"{'C': 1.0, 'class_weight': None, 'dual': False, 'fit_intercept': True, 'intercept_scaling': 1, 'l1_ratio': None, 'max_iter': 100, 'multi_class': 'deprecated', 'n_jobs': None, 'penalty': 'l2', 'random_state': 42, 'solver': 'lbfgs', 'tol': 0.0001, 'verbose': 0, 'warm_start': False}",0.06823611259460449
Coffee,4,5,10,10,KNN,HMM_GMM,2,"{'n_components': 2, 'n_mix': 4, 'covariance_type': 'tied'}",0.7583333333333333,0.7489142551687892,"{'algorithm': 'auto', 'leaf_size': 30, 'metric': 'minkowski', 'metric_params': None, 'n_jobs': None, 'n_neighbors': 5, 'p': 2, 'weights': 'uniform'}",0.04371905326843262
Coffee,4,5,10,10,RandomForest,HMM_GMM,2,"{'n_components': 2, 'n_mix': 4, 'covariance_type': 'tied'}",0.8033333333333333,0.7978918949413338,"{'bootstrap': True, 'ccp_alpha': 0.0, 'class_weight': None, 'criterion': 'gini', 'max_depth': None, 'max_features': 'sqrt', 'max_leaf_nodes': None, 'max_samples': None, 'min_impurity_decrease': 0.0, 'min_samples_leaf': 1, 'min_samples_split': 2, 'min_weight_fraction_leaf': 0.0, 'monotonic_cst': None, 'n_estimators': 100, 'n_jobs': None, 'oob_score': False, 'random_state': 42, 'verbose': 0, 'warm_start': False}",0.5935344696044922
Coffee,4,5,10,10,LinearSVC,HMM_GMM,2,"{'n_components': 2, 'n_mix': 4, 'covariance_type': 'tied'}",0.845,0.8453948752435329,"{'C': 1.0, 'class_weight': None, 'dual': False, 'fit_intercept': True, 'intercept_scaling': 1, 'loss': 'squared_hinge', 'max_iter': 100, 'multi_class': 'ovr', 'penalty': 'l2', 'random_state': 42, 'tol': 0.0001, 'verbose': 0}",0.04715895652770996
Coffee,4,5,10,10,LogisticRegression,HMM_GMM,2,"{'n_components': 2, 'n_mix': 4, 'covariance_type': 'tied'}",0.81,0.8115660984725733,"{'C': 1.0, 'class_weight': None, 'dual': False, 'fit_intercept': True, 'intercept_scaling': 1, 'l1_ratio': None, 'max_iter': 100, 'multi_class': 'deprecated', 'n_jobs': None, 'penalty': 'l2', 'random_state': 42, 'solver': 'lbfgs', 'tol': 0.0001, 'verbose': 0, 'warm_start': False}",0.16494250297546387
Coffee,4,5,10,10,KNN,HMM_GMM,3,"{'n_components': 1, 'n_mix': 3, 'covariance_type': 'diag'}",0.7133333333333334,0.6940937991015376,"{'algorithm': 'auto', 'leaf_size': 30, 'metric': 'minkowski', 'metric_params': None, 'n_jobs': None, 'n_neighbors': 5, 'p': 2, 'weights': 'uniform'}",0.057865142822265625
Coffee,4,5,10,10,RandomForest,HMM_GMM,3,"{'n_components': 1, 'n_mix': 3, 'covariance_type': 'diag'}",0.7933333333333333,0.7868883239416433,"{'bootstrap': True, 'ccp_alpha': 0.0, 'class_weight': None, 'criterion': 'gini', 'max_depth': None, 'max_features': 'sqrt', 'max_leaf_nodes': None, 'max_samples': None, 'min_impurity_decrease': 0.0, 'min_samples_leaf': 1, 'min_samples_split': 2, 'min_weight_fraction_leaf': 0.0, 'monotonic_cst': None, 'n_estimators': 100, 'n_jobs': None, 'oob_score': False, 'random_state': 42, 'verbose': 0, 'warm_start': False}",0.7468931674957275
Coffee,4,5,10,10,LinearSVC,HMM_GMM,3,"{'n_components': 1, 'n_mix': 3, 'covariance_type': 'diag'}",0.6666666666666666,0.6640082646018622,"{'C': 1.0, 'class_weight': None, 'dual': False, 'fit_intercept': True, 'intercept_scaling': 1, 'loss': 'squared_hinge', 'max_iter': 100, 'multi_class': 'ovr', 'penalty': 'l2', 'random_state': 42, 'tol': 0.0001, 'verbose': 0}",0.04014134407043457
Coffee,4,5,10,10,LogisticRegression,HMM_GMM,3,"{'n_components': 1, 'n_mix': 3, 'covariance_type': 'diag'}",0.6366666666666667,0.6357681401799049,"{'C': 1.0, 'class_weight': None, 'dual': False, 'fit_intercept': True, 'intercept_scaling': 1, 'l1_ratio': None, 'max_iter': 100, 'multi_class': 'deprecated', 'n_jobs': None, 'penalty': 'l2', 'random_state': 42, 'solver': 'lbfgs', 'tol': 0.0001, 'verbose': 0, 'warm_start': False}",0.09778308868408203
Coffee,4,5,10,10,KNN,HMM_GMM,4,"{'n_components': 4, 'n_mix': 3, 'covariance_type': 'diag'}",0.7466666666666667,0.7338999601930636,"{'algorithm': 'auto', 'leaf_size': 30, 'metric': 'minkowski', 'metric_params': None, 'n_jobs': None, 'n_neighbors': 5, 'p': 2, 'weights': 'uniform'}",0.04278397560119629
Coffee,4,5,10,10,RandomForest,HMM_GMM,4,"{'n_components': 4, 'n_mix': 3, 'covariance_type': 'diag'}",0.845,0.8436234725009145,"{'bootstrap': True, 'ccp_alpha': 0.0, 'class_weight': None, 'criterion': 'gini', 'max_depth': None, 'max_features': 'sqrt', 'max_leaf_nodes': None, 'max_samples': None, 'min_impurity_decrease': 0.0, 'min_samples_leaf': 1, 'min_samples_split': 2, 'min_weight_fraction_leaf': 0.0, 'monotonic_cst': None, 'n_estimators': 100, 'n_jobs': None, 'oob_score': False, 'random_state': 42, 'verbose': 0, 'warm_start': False}",0.5901427268981934
Coffee,4,5,10,10,LinearSVC,HMM_GMM,4,"{'n_components': 4, 'n_mix': 3, 'covariance_type': 'diag'}",0.82,0.8214601519902817,"{'C': 1.0, 'class_weight': None, 'dual': False, 'fit_intercept': True, 'intercept_scaling': 1, 'loss': 'squared_hinge', 'max_iter': 100, 'multi_class': 'ovr', 'penalty': 'l2', 'random_state': 42, 'tol': 0.0001, 'verbose': 0}",0.035848140716552734
Coffee,4,5,10,10,LogisticRegression,HMM_GMM,4,"{'n_components': 4, 'n_mix': 3, 'covariance_type': 'diag'}",0.67,0.6695160382523665,"{'C': 1.0, 'class_weight': None, 'dual': False, 'fit_intercept': True, 'intercept_scaling': 1, 'l1_ratio': None, 'max_iter': 100, 'multi_class': 'deprecated', 'n_jobs': None, 'penalty': 'l2', 'random_state': 42, 'solver': 'lbfgs', 'tol': 0.0001, 'verbose': 0, 'warm_start': False}",0.09868550300598145
Coffee,4,5,10,10,KNN,HMM_GMM,5,"{'n_components': 1, 'n_mix': 1, 'covariance_type': 'tied'}",0.7266666666666667,0.7178375669711042,"{'algorithm': 'auto', 'leaf_size': 30, 'metric': 'minkowski', 'metric_params': None, 'n_jobs': None, 'n_neighbors': 5, 'p': 2, 'weights': 'uniform'}",0.04351377487182617
Coffee,4,5,10,10,RandomForest,HMM_GMM,5,"{'n_components': 1, 'n_mix': 1, 'covariance_type': 'tied'}",0.7283333333333334,0.7212483409027821,"{'bootstrap': True, 'ccp_alpha': 0.0, 'class_weight': None, 'criterion': 'gini', 'max_depth': None, 'max_features': 'sqrt', 'max_leaf_nodes': None, 'max_samples': None, 'min_impurity_decrease': 0.0, 'min_samples_leaf': 1, 'min_samples_split': 2, 'min_weight_fraction_leaf': 0.0, 'monotonic_cst': None, 'n_estimators': 100, 'n_jobs': None, 'oob_score': False, 'random_state': 42, 'verbose': 0, 'warm_start': False}",0.6801109313964844
Coffee,4,5,10,10,LinearSVC,HMM_GMM,5,"{'n_components': 1, 'n_mix': 1, 'covariance_type': 'tied'}",0.835,0.8300368592651927,"{'C': 1.0, 'class_weight': None, 'dual': False, 'fit_intercept': True, 'intercept_scaling': 1, 'loss': 'squared_hinge', 'max_iter': 100, 'multi_class': 'ovr', 'penalty': 'l2', 'random_state': 42, 'tol': 0.0001, 'verbose': 0}",0.05089259147644043
Coffee,4,5,10,10,LogisticRegression,HMM_GMM,5,"{'n_components': 1, 'n_mix': 1, 'covariance_type': 'tied'}",0.8566666666666667,0.8550534402243598,"{'C': 1.0, 'class_weight': None, 'dual': False, 'fit_intercept': True, 'intercept_scaling': 1, 'l1_ratio': None, 'max_iter': 100, 'multi_class': 'deprecated', 'n_jobs': None, 'penalty': 'l2', 'random_state': 42, 'solver': 'lbfgs', 'tol': 0.0001, 'verbose': 0, 'warm_start': False}",0.20212912559509277
Coffee,4,5,10,10,KNN,HMM_GMM,6,"{'n_components': 4, 'n_mix': 3, 'covariance_type': 'diag'}",0.7466666666666667,0.7338999601930636,"{'algorithm': 'auto', 'leaf_size': 30, 'metric': 'minkowski', 'metric_params': None, 'n_jobs': None, 'n_neighbors': 5, 'p': 2, 'weights': 'uniform'}",0.04496431350708008
Coffee,4,5,10,10,RandomForest,HMM_GMM,6,"{'n_components': 4, 'n_mix': 3, 'covariance_type': 'diag'}",0.8366666666666667,0.8354512953009693,"{'bootstrap': True, 'ccp_alpha': 0.0, 'class_weight': None, 'criterion': 'gini', 'max_depth': None, 'max_features': 'sqrt', 'max_leaf_nodes': None, 'max_samples': None, 'min_impurity_decrease': 0.0, 'min_samples_leaf': 1, 'min_samples_split': 2, 'min_weight_fraction_leaf': 0.0, 'monotonic_cst': None, 'n_estimators': 100, 'n_jobs': None, 'oob_score': False, 'random_state': 42, 'verbose': 0, 'warm_start': False}",0.6179742813110352
Coffee,4,5,10,10,LinearSVC,HMM_GMM,6,"{'n_components': 4, 'n_mix': 3, 'covariance_type': 'diag'}",0.82,0.8214601519902817,"{'C': 1.0, 'class_weight': None, 'dual': False, 'fit_intercept': True, 'intercept_scaling': 1, 'loss': 'squared_hinge', 'max_iter': 100, 'multi_class': 'ovr', 'penalty': 'l2', 'random_state': 42, 'tol': 0.0001, 'verbose': 0}",0.03856515884399414
Coffee,4,5,10,10,LogisticRegression,HMM_GMM,6,"{'n_components': 4, 'n_mix': 3, 'covariance_type': 'diag'}",0.6716666666666666,0.6714620514729442,"{'C': 1.0, 'class_weight': None, 'dual': False, 'fit_intercept': True, 'intercept_scaling': 1, 'l1_ratio': None, 'max_iter': 100, 'multi_class': 'deprecated', 'n_jobs': None, 'penalty': 'l2', 'random_state': 42, 'solver': 'lbfgs', 'tol': 0.0001, 'verbose': 0, 'warm_start': False}",0.1032114028930664
Coffee,4,5,10,10,KNN,HMM_GMM,7,"{'n_components': 2, 'n_mix': 5, 'covariance_type': 'diag'}",0.7316666666666667,0.7154836381640505,"{'algorithm': 'auto', 'leaf_size': 30, 'metric': 'minkowski', 'metric_params': None, 'n_jobs': None, 'n_neighbors': 5, 'p': 2, 'weights': 'uniform'}",0.0450129508972168
Coffee,4,5,10,10,RandomForest,HMM_GMM,7,"{'n_components': 2, 'n_mix': 5, 'covariance_type': 'diag'}",0.8033333333333333,0.8018497330282228,"{'bootstrap': True, 'ccp_alpha': 0.0, 'class_weight': None, 'criterion': 'gini', 'max_depth': None, 'max_features': 'sqrt', 'max_leaf_nodes': None, 'max_samples': None, 'min_impurity_decrease': 0.0, 'min_samples_leaf': 1, 'min_samples_split': 2, 'min_weight_fraction_leaf': 0.0, 'monotonic_cst': None, 'n_estimators': 100, 'n_jobs': None, 'oob_score': False, 'random_state': 42, 'verbose': 0, 'warm_start': False}",0.6316525936126709
Coffee,4,5,10,10,LinearSVC,HMM_GMM,7,"{'n_components': 2, 'n_mix': 5, 'covariance_type': 'diag'}",0.8316666666666667,0.8300007577050124,"{'C': 1.0, 'class_weight': None, 'dual': False, 'fit_intercept': True, 'intercept_scaling': 1, 'loss': 'squared_hinge', 'max_iter': 100, 'multi_class': 'ovr', 'penalty': 'l2', 'random_state': 42, 'tol': 0.0001, 'verbose': 0}",0.040868520736694336
Coffee,4,5,10,10,LogisticRegression,HMM_GMM,7,"{'n_components': 2, 'n_mix': 5, 'covariance_type': 'diag'}",0.8016666666666666,0.7996284260150204,"{'C': 1.0, 'class_weight': None, 'dual': False, 'fit_intercept': True, 'intercept_scaling': 1, 'l1_ratio': None, 'max_iter': 100, 'multi_class': 'deprecated', 'n_jobs': None, 'penalty': 'l2', 'random_state': 42, 'solver': 'lbfgs', 'tol': 0.0001, 'verbose': 0, 'warm_start': False}",0.07379627227783203
Coffee,4,5,10,10,KNN,HMM_GMM,8,"{'n_components': 1, 'n_mix': 3, 'covariance_type': 'full'}",0.7116666666666667,0.7042478565072849,"{'algorithm': 'auto', 'leaf_size': 30, 'metric': 'minkowski', 'metric_params': None, 'n_jobs': None, 'n_neighbors': 5, 'p': 2, 'weights': 'uniform'}",0.040734291076660156
Coffee,4,5,10,10,RandomForest,HMM_GMM,8,"{'n_components': 1, 'n_mix': 3, 'covariance_type': 'full'}",0.7983333333333333,0.7929927246384503,"{'bootstrap': True, 'ccp_alpha': 0.0, 'class_weight': None, 'criterion': 'gini', 'max_depth': None, 'max_features': 'sqrt', 'max_leaf_nodes': None, 'max_samples': None, 'min_impurity_decrease': 0.0, 'min_samples_leaf': 1, 'min_samples_split': 2, 'min_weight_fraction_leaf': 0.0, 'monotonic_cst': None, 'n_estimators': 100, 'n_jobs': None, 'oob_score': False, 'random_state': 42, 'verbose': 0, 'warm_start': False}",0.6394243240356445
Coffee,4,5,10,10,LinearSVC,HMM_GMM,8,"{'n_components': 1, 'n_mix': 3, 'covariance_type': 'full'}",0.8083333333333333,0.8070801714034943,"{'C': 1.0, 'class_weight': None, 'dual': False, 'fit_intercept': True, 'intercept_scaling': 1, 'loss': 'squared_hinge', 'max_iter': 100, 'multi_class': 'ovr', 'penalty': 'l2', 'random_state': 42, 'tol': 0.0001, 'verbose': 0}",0.0509183406829834
Coffee,4,5,10,10,LogisticRegression,HMM_GMM,8,"{'n_components': 1, 'n_mix': 3, 'covariance_type': 'full'}",0.8066666666666666,0.8084669694474741,"{'C': 1.0, 'class_weight': None, 'dual': False, 'fit_intercept': True, 'intercept_scaling': 1, 'l1_ratio': None, 'max_iter': 100, 'multi_class': 'deprecated', 'n_jobs': None, 'penalty': 'l2', 'random_state': 42, 'solver': 'lbfgs', 'tol': 0.0001, 'verbose': 0, 'warm_start': False}",0.2019188404083252
Coffee,4,5,10,10,KNN,HMM_GMM,9,"{'n_components': 5, 'n_mix': 1, 'covariance_type': 'diag'}",0.8066666666666666,0.8071096186395521,"{'algorithm': 'auto', 'leaf_size': 30, 'metric': 'minkowski', 'metric_params': None, 'n_jobs': None, 'n_neighbors': 5, 'p': 2, 'weights': 'uniform'}",0.04284477233886719
Coffee,4,5,10,10,RandomForest,HMM_GMM,9,"{'n_components': 5, 'n_mix': 1, 'covariance_type': 'diag'}",0.8833333333333333,0.886415189198096,"{'bootstrap': True, 'ccp_alpha': 0.0, 'class_weight': None, 'criterion': 'gini', 'max_depth': None, 'max_features': 'sqrt', 'max_leaf_nodes': None, 'max_samples': None, 'min_impurity_decrease': 0.0, 'min_samples_leaf': 1, 'min_samples_split': 2, 'min_weight_fraction_leaf': 0.0, 'monotonic_cst': None, 'n_estimators': 100, 'n_jobs': None, 'oob_score': False, 'random_state': 42, 'verbose': 0, 'warm_start': False}",0.630115270614624
Coffee,4,5,10,10,LinearSVC,HMM_GMM,9,"{'n_components': 5, 'n_mix': 1, 'covariance_type': 'diag'}",0.6266666666666667,0.6204547158494527,"{'C': 1.0, 'class_weight': None, 'dual': False, 'fit_intercept': True, 'intercept_scaling': 1, 'loss': 'squared_hinge', 'max_iter': 100, 'multi_class': 'ovr', 'penalty': 'l2', 'random_state': 42, 'tol': 0.0001, 'verbose': 0}",0.03828167915344238
Coffee,4,5,10,10,LogisticRegression,HMM_GMM,9,"{'n_components': 5, 'n_mix': 1, 'covariance_type': 'diag'}",0.7983333333333333,0.7985123906842779,"{'C': 1.0, 'class_weight': None, 'dual': False, 'fit_intercept': True, 'intercept_scaling': 1, 'l1_ratio': None, 'max_iter': 100, 'multi_class': 'deprecated', 'n_jobs': None, 'penalty': 'l2', 'random_state': 42, 'solver': 'lbfgs', 'tol': 0.0001, 'verbose': 0, 'warm_start': False}",0.07566261291503906
Coffee,4,5,10,10,KNN,HMM_GMM,10,"{'n_components': 3, 'n_mix': 5, 'covariance_type': 'diag'}",0.7366666666666667,0.720516410418535,"{'algorithm': 'auto', 'leaf_size': 30, 'metric': 'minkowski', 'metric_params': None, 'n_jobs': None, 'n_neighbors': 5, 'p': 2, 'weights': 'uniform'}",0.04105019569396973
Coffee,4,5,10,10,RandomForest,HMM_GMM,10,"{'n_components': 3, 'n_mix': 5, 'covariance_type': 'diag'}",0.865,0.8668767010727386,"{'bootstrap': True, 'ccp_alpha': 0.0, 'class_weight': None, 'criterion': 'gini', 'max_depth': None, 'max_features': 'sqrt', 'max_leaf_nodes': None, 'max_samples': None, 'min_impurity_decrease': 0.0, 'min_samples_leaf': 1, 'min_samples_split': 2, 'min_weight_fraction_leaf': 0.0, 'monotonic_cst': None, 'n_estimators': 100, 'n_jobs': None, 'oob_score': False, 'random_state': 42, 'verbose': 0, 'warm_start': False}",0.6242954730987549
Coffee,4,5,10,10,LinearSVC,HMM_GMM,10,"{'n_components': 3, 'n_mix': 5, 'covariance_type': 'diag'}",0.89,0.8870900610434869,"{'C': 1.0, 'class_weight': None, 'dual': False, 'fit_intercept': True, 'intercept_scaling': 1, 'loss': 'squared_hinge', 'max_iter': 100, 'multi_class': 'ovr', 'penalty': 'l2', 'random_state': 42, 'tol': 0.0001, 'verbose': 0}",0.04109668731689453
Coffee,4,5,10,10,LogisticRegression,HMM_GMM,10,"{'n_components': 3, 'n_mix': 5, 'covariance_type': 'diag'}",0.9083333333333333,0.9083882414532297,"{'C': 1.0, 'class_weight': None, 'dual': False, 'fit_intercept': True, 'intercept_scaling': 1, 'l1_ratio': None, 'max_iter': 100, 'multi_class': 'deprecated', 'n_jobs': None, 'penalty': 'l2', 'random_state': 42, 'solver': 'lbfgs', 'tol': 0.0001, 'verbose': 0, 'warm_start': False}",0.0929572582244873
